bogie_41 135 107 113 59 0 0
bogie_20 138 107 109 59 0 60
bogie_23 144 107 96 59 0 120
bogie_37 144 107 96 59 0 180
bogie_34 152 107 80 59 97 120
bogie_16 131 107 123 58 97 180
bogie_17 132 107 120 58 110 60
bogie_19 136 108 113 58 114 0
bogie_39 139 108 106 58 178 119
bogie_22 142 108 101 58 221 178
bogie_38 141 108 101 58 228 0
bogie_36 146 108 91 58 231 59
bogie_25 149 108 86 58 285 118
bogie_26 152 108 81 58 323 59
bogie_27 155 107 75 58 323 177
bogie_33 155 108 74 58 330 0
bogie_32 158 108 68 58 372 118
bogie_28 158 108 68 58 399 177
bogie_29 161 108 63 58 405 0
bogie_45 129 107 126 57 405 59
bogie_44 130 108 123 57 441 117
bogie_42 133 108 117 57 468 175
bogie_79 135 106 113 57 469 0
bogie_40 137 109 109 57 532 58
bogie_98 142 106 101 57 565 116
bogie_35 149 109 86 57 583 0
bogie_31 160 109 64 57 586 174
bogie_89 161 108 63 57 642 58
bogie_30 162 109 62 57 651 174
bogie_102 134 107 117 56 667 116
bogie_101 136 107 113 56 670 0
bogie_80 137 107 109 56 706 57
bogie_21 140 110 105 56 714 173
bogie_81 139 107 105 56 784 0
bogie_99 140 107 105 56 785 114
bogie_82 141 107 101 56 816 57
bogie_83 144 107 96 56 820 171
bogie_97 144 106 96 56 890 0
bogie_96 147 107 91 56 891 114
bogie_85 149 107 86 56 917 171
bogie_95 149 107 86 56 918 57
bogie_94 152 107 80 56 983 114
bogie_93 154 107 75 56 987 0
bogie_14 129 109 127 55 1004 171
bogie_46 128 109 127 55 1005 57
bogie_74 128 107 127 55 1063 0
bogie_75 129 107 125 55 1064 113
bogie_105 130 107 125 55 1132 169
bogie_76 130 107 123 55 1133 56
bogie_104 131 107 123 55 1190 112
bogie_43 132 110 120 55 1191 0
bogie_77 132 107 120 55 1257 56
bogie_103 132 107 120 55 1258 168
bogie_18 134 110 117 55 1312 0
bogie_100 138 108 109 55 1314 112
bogie_24 147 111 91 55 1378 56
bogie_84 146 108 91 55 1379 168
bogie_47 127 109 129 54 1424 112
bogie_106 129 108 127 54 1430 0
bogie_78 133 108 117 54 1470 55
bogie_86 152 108 80 54 1471 167
bogie_87 155 108 74 54 1552 167
bogie_92 158 108 68 54 1554 110
bogie_91 160 108 64 54 1558 0
bogie_90 161 108 61 54 1588 55
bogie_50 124 109 134 53 1623 0
bogie_48 126 110 131 53 1623 110
bogie_107 128 108 129 53 1627 164
bogie_88 158 109 68 53 1650 54
bogie_49 125 110 133 52 1719 54
bogie_72 126 109 131 52 1755 107
bogie_108 127 109 131 52 1757 160
bogie_73 127 109 129 52 1758 0
bogie_15 130 112 125 52 1853 53
bogie_9 126 110 134 51 1887 106
bogie_51 124 110 134 51 1888 0
bogie_10 126 111 133 51 1889 158
bogie_71 125 110 133 51 1979 52
bogie_109 126 110 133 51 2022 104
bogie_12 127 112 131 51 2023 0
bogie_13 128 112 129 51 2023 156
bogie_8 126 111 134 50 2113 52
bogie_69 124 110 134 50 2153 156
bogie_110 126 110 134 50 2155 0
bogie_111 126 110 134 50 2156 103
bogie_7 126 111 134 49 2248 51
bogie_53 124 111 134 49 2288 154
bogie_68 124 111 134 49 2290 0
bogie_112 126 111 134 49 2291 101
bogie_11 126 113 133 49 2383 50
bogie_70 125 111 133 49 2423 151
bogie_52 124 112 134 48 2425 0
bogie_67 124 112 134 47 2426 100
bogie_113 126 112 134 47 2517 49
bogie_5 126 112 134 46 2557 148
bogie_66 124 113 134 46 2560 0
bogie_65 124 113 134 45 2557 195
bogie_114 126 114 134 45 2561 97
bogie_115 126 113 134 45 2652 47
bogie_4 127 113 133 45 2692 143
bogie_56 124 113 133 45 2692 189
bogie_116 127 113 133 45 2695 0
bogie_64 125 113 132 45 2696 93
bogie_3 128 114 131 44 2787 46
bogie_57 125 114 131 44 2826 139
bogie_63 125 114 131 44 2826 184
bogie_117 128 114 131 44 2829 0
bogie_6 126 116 134 43 2829 91
bogie_54 124 116 134 43 2919 45
bogie_62 126 114 129 43 2958 135
bogie_118 129 114 129 43 2958 179
bogie_55 124 116 134 42 2961 0
bogie_2 129 115 129 42 2964 89
bogie_61 127 115 127 42 3054 43
bogie_119 130 115 127 42 3088 132
bogie_1 130 116 127 41 3088 175
bogie_59 127 116 127 41 3094 86
bogie_58 126 117 129 40 3096 0
bogie_60 128 116 125 40 3182 41
bogie_0 131 117 125 39 2423 201
