chassis_6 330 123 45 45 0 0
chassis_9 317 130 50 44 0 46
chassis_51 17 130 50 44 0 91
chassis_8 322 128 48 44 0 136
chassis_52 14 128 48 44 0 181
chassis_7 326 126 47 44 0 226
chassis_53 11 126 47 44 0 271
chassis_54 9 124 45 44 46 0
chassis_5 333 122 43 44 48 226
chassis_55 8 122 43 44 48 271
chassis_4 336 119 41 44 49 136
chassis_56 7 119 41 44 49 181
chassis_3 339 117 39 44 51 45
chassis_57 6 117 39 44 51 90
chassis_63 6 104 39 44 91 45
chassis_117 339 104 39 44 91 90
chassis_2 341 115 37 44 91 135
chassis_58 6 115 37 44 91 180
chassis_62 6 106 37 44 92 0
chassis_118 341 106 37 44 92 225
chassis_1 343 113 34 44 92 270
chassis_59 7 113 34 44 127 270
chassis_61 7 108 34 44 129 135
chassis_119 343 108 34 44 129 180
chassis_0 344 110 33 44 130 0
chassis_m_45 149 112 87 43 130 225
chassis_m_46 149 112 87 43 131 45
chassis_m_43 149 112 86 43 131 89
chassis_m_44 149 112 86 43 162 269
chassis_13 295 138 56 43 164 0
chassis_47 33 138 56 43 164 133
chassis_12 301 136 55 43 164 177
chassis_48 28 136 55 43 218 89
chassis_11 307 134 53 43 218 221
chassis_49 24 134 53 43 219 44
chassis_10 312 132 52 43 220 177
chassis_50 20 132 52 43 221 0
chassis_68 14 94 48 43 221 133
chassis_66 9 98 45 43 249 265
chassis_114 330 98 45 43 270 133
chassis_65 8 100 43 43 272 221
chassis_115 333 100 43 43 273 44
chassis_64 7 102 41 43 273 177
chassis_116 336 102 41 43 274 0
chassis_60 8 111 32 43 274 88
chassis_m_48 149 113 86 42 295 265
chassis_m_47 149 113 86 42 307 88
chassis_m_42 150 113 85 42 315 177
chassis_m_49 150 113 85 42 316 0
chassis_m_41 150 113 84 42 316 131
chassis_m_50 150 113 84 42 316 220
chassis_m_40 151 113 83 42 317 43
chassis_m_51 151 113 83 42 382 263
chassis_m_39 151 113 82 42 394 86
chassis_m_52 151 113 82 42 401 43
chassis_m_38 152 113 80 42 401 129
chassis_m_37 153 113 79 42 401 172
chassis_15 282 142 58 42 401 215
chassis_45 44 142 58 42 402 0
chassis_14 288 140 57 42 460 215
chassis_46 39 140 57 42 461 0
chassis_71 24 88 53 42 466 258
chassis_70 20 90 52 42 477 86
chassis_110 312 90 52 42 481 172
chassis_69 17 92 50 42 482 129
chassis_111 317 92 50 42 484 43
chassis_112 322 94 48 42 518 215
chassis_67 11 96 47 42 519 0
chassis_113 326 96 47 42 520 258
chassis_m_54 153 113 78 41 466 301
chassis_m_36 154 113 76 41 530 86
chassis_m_31 161 115 63 41 533 128
chassis_17 267 145 60 41 534 170
chassis_43 57 145 60 41 535 43
chassis_16 275 144 59 41 545 301
chassis_44 50 144 59 41 567 0
chassis_73 33 85 56 41 567 212
chassis_107 295 85 56 41 568 254
chassis_72 28 87 55 41 595 170
chassis_108 301 87 55 41 596 42
chassis_109 307 89 53 41 597 128
chassis_m_53 152 114 80 40 605 296
chassis_m_55 154 114 76 40 607 84
chassis_m_35 155 114 74 40 624 212
chassis_m_56 155 114 74 40 625 253
chassis_m_34 156 114 72 40 627 0
chassis_m_33 158 114 69 40 651 125
chassis_20 244 150 62 40 651 166
chassis_21 236 151 62 40 652 41
chassis_39 86 151 62 40 684 82
chassis_40 78 150 62 40 686 294
chassis_19 252 149 61 40 699 207
chassis_41 71 149 61 40 700 0
chassis_18 260 147 60 40 700 248
chassis_42 64 147 60 40 714 166
chassis_74 39 84 57 40 715 41
chassis_106 288 84 57 40 721 123
chassis_22 228 152 62 39 747 82
chassis_77 57 80 60 39 749 289
chassis_103 267 80 60 39 761 207
chassis_76 50 81 59 39 761 247
chassis_104 275 81 59 39 762 0
chassis_75 44 83 58 39 773 40
chassis_105 282 83 58 39 775 164
chassis_m_14 149 112 87 38 779 122
chassis_m_7 152 113 80 38 810 80
chassis_m_23 153 113 78 38 810 287
chassis_m_4 155 114 74 38 821 247
chassis_m_25 155 113 74 38 822 0
chassis_m_57 157 115 71 38 822 204
chassis_m_27 158 114 69 38 832 39
chassis_m_58 158 115 68 38 834 161
chassis_m_32 159 115 66 38 867 119
chassis_m_59 159 115 66 38 889 286
chassis_24 211 155 62 38 891 78
chassis_38 94 153 62 38 894 200
chassis_36 111 155 62 38 896 239
chassis_23 220 154 61 38 897 0
chassis_37 103 154 61 38 902 39
chassis_79 71 78 61 38 903 158
chassis_102 260 79 61 38 934 117
chassis_101 252 78 61 38 954 78
chassis_m_30 162 115 60 38 956 278
chassis_78 64 79 60 38 957 197
chassis_m_15 149 112 87 37 959 0
chassis_m_13 149 113 86 37 959 236
chassis_m_16 149 112 86 37 964 38
chassis_m_17 149 112 86 37 965 156
chassis_m_12 149 113 86 37 996 117
chassis_m_11 150 113 85 37 1016 76
chassis_m_10 150 113 84 37 1017 274
chassis_m_9 151 113 83 37 1018 194
chassis_m_20 151 113 83 37 1046 232
chassis_m_8 151 113 82 37 1047 0
chassis_m_6 153 114 78 37 1051 38
chassis_m_5 154 114 76 37 1052 155
chassis_m_26 156 114 72 37 1083 114
chassis_m_3 157 115 71 37 1102 76
chassis_m_2 158 115 68 37 1102 193
chassis_m_1 159 115 66 37 1102 270
chassis_m_28 159 115 66 37 1129 152
chassis_25 203 156 63 37 1130 0
chassis_27 186 157 63 37 1130 38
chassis_33 135 157 63 37 1130 231
chassis_29 169 158 63 37 1156 114
chassis_m_0 161 115 63 37 1169 269
chassis_m_29 161 115 63 37 1171 190
chassis_26 195 157 62 37 1174 76
chassis_35 119 156 62 37 1194 0
chassis_34 127 157 62 37 1194 38
chassis_80 78 77 62 37 1194 228
chassis_100 244 77 62 37 1196 152
chassis_m_18 150 113 85 36 1220 114
chassis_m_19 150 113 84 36 1233 266
chassis_m_21 151 113 82 36 382 306
chassis_m_22 152 113 80 36 1233 303
chassis_m_24 154 114 76 36 1235 190
chassis_32 143 158 64 36 1237 76
chassis_28 178 158 63 36 1257 0
chassis_30 161 159 63 36 1257 37
chassis_31 152 159 63 36 1257 227
chassis_81 86 77 62 36 1259 151
chassis_82 94 76 62 36 1302 74
chassis_98 228 76 62 36 1306 111
chassis_99 236 77 62 36 1312 188
chassis_96 211 75 63 35 1169 307
chassis_84 111 75 62 35 1314 303
chassis_83 103 76 61 35 1318 264
chassis_97 220 76 61 35 1321 0
chassis_85 119 75 62 34 295 308
chassis_95 203 75 62 34 1102 308
chassis_86 127 75 63 33 1321 36
chassis_87 135 74 63 33 1321 225
chassis_94 195 75 63 33 1322 148
chassis_93 186 74 63 33 1365 70
chassis_88 144 75 63 32 1369 104
chassis_92 178 75 63 32 1375 182
chassis_89 152 75 63 31 1377 300
chassis_91 169 75 63 31 1380 259
chassis_90 161 75 62 31 1383 0
