base_33 134 24 117 149 0 0
base_32 141 24 102 149 0 150
base_35 119 25 146 148 0 300
base_34 126 25 132 148 0 449
base_29 149 24 86 148 0 598
base_31 149 24 86 148 0 747
base_30 157 24 70 148 0 896
base_37 105 26 174 147 0 1045
base_36 112 26 160 147 0 1193
base_28 141 24 102 147 0 1341
base_38 99 27 186 146 71 896
base_26 126 24 132 146 87 598
base_27 134 24 116 146 87 745
base_25 119 25 146 145 103 150
base_39 92 28 200 144 103 1341
base_24 112 26 160 144 118 0
base_40 86 29 212 143 133 449
base_22 98 27 188 143 147 296
base_23 105 27 174 143 161 1193
base_41 79 30 226 142 175 1043
base_21 92 28 200 142 204 745
base_20 86 29 212 141 220 593
base_42 73 32 238 139 250 145
base_19 79 30 226 139 258 888
base_43 67 33 250 137 279 0
base_18 73 32 238 137 304 1337
base_44 62 34 260 136 336 285
base_17 67 33 250 135 336 1186
base_45 57 36 270 133 346 422
base_16 62 34 260 133 402 1028
base_46 52 37 280 131 405 735
base_15 57 36 270 131 433 556
base_14 52 37 280 129 485 867
base_47 47 39 290 128 489 138
base_48 43 40 298 126 530 0
base_13 47 39 290 126 543 1322
base_12 43 40 298 124 587 1162
base_49 39 42 306 123 597 267
base_11 39 42 306 121 617 391
base_50 35 44 314 119 663 997
base_10 35 44 314 118 686 688
base_51 32 46 320 116 704 513
base_9 32 46 320 115 766 807
base_52 30 48 324 113 780 127
base_8 30 48 324 112 829 0
base_53 27 50 330 109 834 1287
base_7 27 50 330 108 886 1117
base_54 26 51 332 107 904 241
base_6 26 51 332 106 924 349
base_5 24 53 336 103 978 923
base_55 24 53 336 103 1001 630
base_56 24 54 336 101 1025 456
base_4 24 54 336 100 1087 734
base_3 23 55 339 98 1105 113
base_2 22 55 340 96 1154 0
base_58 22 55 340 96 1165 1226
base_59 21 55 342 95 1165 1323
base_1 21 56 342 94 1217 1027
base_0 21 55 342 93 1217 1122
base_57 23 55 338 93 1237 212
roofelems_87 156 45 68 41 433 688
roofelems_96 162 45 68 41 502 688
roofelems_33 156 49 60 41 543 1449
roofelems_93 166 45 59 40 571 688
roofelems_92 167 45 55 40 604 1449
roofelems_91 168 45 52 40 617 513
roofelems_101 157 47 81 39 660 1449
roofelems_25 150 49 77 39 663 1117
roofelems_26 152 48 73 39 686 807
roofelems_98 160 46 73 39 704 630
roofelems_97 161 46 71 39 741 1117
roofelems_88 158 45 65 39 742 1449
roofelems_95 163 46 65 39 766 923
roofelems_29 159 47 62 39 778 630
roofelems_89 160 45 61 39 808 1449
roofelems_31 159 47 60 39 813 1117
roofelems_32 157 47 59 39 832 923
roofelems_90 162 45 57 39 834 1397
roofelems_100 158 47 78 38 841 630
roofelems_99 159 47 76 38 870 1437
roofelems_85 153 45 75 38 886 1226
roofelems_41 143 47 73 38 892 923
roofelems_86 155 45 71 38 892 1397
roofelems_38 149 47 69 38 920 630
roofelems_37 151 47 67 38 924 456
roofelems_35 152 48 66 38 947 1436
roofelems_28 157 48 65 38 962 1226
roofelems_34 154 48 63 38 964 1397
roofelems_94 165 46 61 38 978 1027
roofelems_81 148 46 87 37 978 1066
roofelems_103 156 48 85 37 1001 734
roofelems_23 145 50 84 37 1014 1436
roofelems_102 157 48 82 37 1025 558
roofelems_24 148 51 79 37 1028 1226
roofelems_40 145 47 72 37 1028 1397
roofelems_39 148 47 71 37 1040 1027
roofelems_36 150 48 68 37 1066 1065
roofelems_20 141 51 95 36 1087 835
roofelems_105 155 49 90 36 1087 872
roofelems_22 144 51 86 36 346 556
roofelems_104 156 48 86 36 1099 1435
roofelems_83 150 46 82 36 1108 558
roofelems_84 152 46 78 36 1112 1027
roofelems_27 154 51 69 36 1135 1064
roofelems_30 160 50 59 36 1101 1397
roofelems_21 142 52 92 35 1178 872
roofelems_106 155 49 89 35 1183 835
roofelems_45 135 48 86 35 1186 1419
roofelems_82 149 46 84 35 1186 1455
roofelems_19 140 52 93 34 587 1287
roofelems_108 154 50 93 34 681 1287
roofelems_80 146 46 90 34 1108 595
roofelems_107 155 50 90 34 1191 558
roofelems_46 133 49 89 34 1199 593
roofelems_44 137 48 81 34 892 962
roofelems_43 138 49 78 34 1001 772
roofelems_42 141 49 77 34 1237 306
roofelems_47 133 49 93 33 766 963
roofelems_79 146 47 92 33 1257 341
roofelems_49 130 50 101 32 1257 375
roofelems_110 149 51 100 32 1257 408
roofelems_17 137 53 98 32 1271 871
roofelems_77 142 47 98 32 1271 1455
roofelems_109 152 51 97 32 1273 835
roofelems_48 132 50 95 32 1273 1419
roofelems_78 145 47 95 32 1282 558
roofelems_50 128 51 103 31 1289 591
roofelems_76 141 47 100 31 1315 306
roofelems_16 136 54 99 31 1315 904
roofelems_51 129 51 107 30 485 997
roofelems_75 138 48 107 30 1315 936
roofelems_74 138 48 104 30 1315 967
roofelems_112 146 52 102 30 1338 623
roofelems_15 134 55 101 30 1338 654
roofelems_111 148 52 100 30 1338 685
roofelems_18 137 55 97 30 1350 338
roofelems_72 134 49 115 29 1358 408
roofelems_73 136 49 108 29 1359 369
roofelems_113 144 53 107 29 1362 438
roofelems_52 130 52 106 29 1362 468
roofelems_68 128 51 124 28 1105 212
roofelems_71 135 50 114 28 1315 998
roofelems_53 128 53 109 28 1362 498
roofelems_14 134 56 102 28 1362 527
roofelems_70 132 50 121 27 1369 1419
roofelems_54 127 53 115 27 1370 868
roofelems_115 141 54 109 27 1370 1447
roofelems_114 144 54 107 27 1371 835
roofelems_13 133 57 103 27 1378 556
roofelems_69 130 51 118 26 1393 584
roofelems_56 127 54 115 26 1415 896
roofelems_55 128 54 113 26 1416 306
roofelems_12 133 57 104 26 1420 967
roofelems_67 128 52 124 25 1423 923
roofelems_117 137 55 114 25 780 241
roofelems_116 138 55 112 25 1424 716
roofelems_65 122 52 126 24 1424 742
roofelems_66 127 52 125 24 1424 767
roofelems_58 124 55 124 24 1424 792
roofelems_57 128 55 118 24 1430 994
roofelems_10 132 59 104 24 1439 685
roofelems_11 133 59 103 24 1440 654
roofelems_64 121 53 128 23 402 1162
roofelems_61 125 55 125 23 1441 611
roofelems_63 124 54 125 23 1445 97
roofelems_118 136 56 115 23 1445 121
roofelems_119 134 56 115 23 1445 145
roofelems_5 130 58 113 23 1445 169
roofelems_9 127 59 109 23 1448 333
roofelems_7 131 59 106 23 1465 527
roofelems_8 131 59 106 23 1468 357
roofelems_62 125 55 127 22 1028 1264
roofelems_60 123 56 123 22 1468 381
roofelems_59 123 56 123 22 1469 468
roofelems_1 132 57 114 22 1470 438
roofelems_4 130 58 112 22 1472 491
roofelems_6 131 59 109 22 1474 404
roofelems_3 130 58 116 21 886 1265
roofelems_2 131 58 116 21 1479 817
roofelems_0 132 57 115 21 1479 839
antenna_108 289 41 18 13 258 1028
antenna_109 292 42 18 13 277 1028
antenna_107 285 39 16 13 296 1028
antenna_82 121 29 20 12 304 1475
antenna_104 270 35 17 12 313 1028
antenna_106 279 38 17 12 325 1475
antenna_102 259 33 16 12 331 1028
antenna_103 265 34 16 12 336 1322
antenna_101 254 32 15 12 343 1475
antenna_105 276 37 15 12 348 1028
antenna_97 229 29 14 12 353 1322
antenna_78 96 33 22 11 359 1475
antenna_79 103 32 21 11 364 1028
antenna_80 108 31 21 11 368 1322
antenna_81 115 30 20 11 382 1475
antenna_83 128 28 19 11 390 1322
antenna_84 136 28 18 11 403 1475
antenna_112 302 47 18 11 405 867
antenna_85 143 27 17 11 410 1322
antenna_110 296 44 17 11 422 1475
antenna_87 158 26 15 11 386 1028
antenna_100 248 31 15 11 424 867
antenna_99 242 30 15 11 428 1322
antenna_75 89 36 14 11 440 867
antenna_98 236 29 14 11 440 1475
antenna_77 99 34 13 11 444 1322
antenna_76 94 35 13 11 455 867
antenna_96 223 28 13 11 455 1475
antenna_93 203 26 12 11 458 1322
antenna_5 309 71 19 10 250 285
antenna_8 302 76 19 10 270 285
antenna_111 298 46 19 10 290 285
antenna_6 307 73 18 10 310 285
antenna_13 284 83 18 10 469 1475
antenna_113 305 49 18 10 471 1322
antenna_114 307 51 18 10 488 1475
antenna_115 309 53 18 10 489 267
antenna_9 301 78 17 10 490 1322
antenna_15 275 86 17 10 507 1475
antenna_86 150 27 17 10 508 267
antenna_12 290 82 16 10 508 1322
antenna_16 270 87 16 10 525 1322
antenna_17 265 88 16 10 525 1475
antenna_11 295 81 15 10 469 867
antenna_74 83 38 15 10 526 267
antenna_71 71 42 15 10 530 127
antenna_72 75 41 14 10 531 1162
antenna_73 79 39 14 10 531 1173
antenna_95 216 28 14 10 542 267
antenna_68 55 47 21 9 220 735
antenna_69 59 46 21 9 242 735
antenna_116 309 55 20 9 264 735
antenna_4 311 69 19 9 285 735
antenna_3 312 68 19 9 305 735
antenna_1 313 64 19 9 325 735
antenna_70 63 44 19 9 345 735
antenna_10 297 79 17 9 365 735
antenna_7 306 74 17 9 383 735
antenna_23 228 93 16 9 546 127
antenna_14 282 85 15 9 469 878
antenna_18 260 89 15 9 546 1162
antenna_19 254 90 15 9 546 1172
antenna_20 248 91 15 9 557 267
antenna_32 166 95 14 9 562 1162
antenna_88 166 26 14 9 562 1172
antenna_89 173 26 14 9 563 127
antenna_94 209 27 14 9 573 267
antenna_92 197 26 12 9 578 127
antenna_63 45 56 21 8 147 440
antenna_64 47 54 21 8 169 440
antenna_0 312 62 20 8 191 440
antenna_48 70 82 20 8 212 440
antenna_66 52 51 20 8 233 440
antenna_67 53 49 20 8 254 440
antenna_119 312 60 20 8 275 440
antenna_2 312 66 19 8 296 440
antenna_52 58 76 19 8 316 440
antenna_117 311 56 19 8 405 879
antenna_36 138 94 18 8 425 879
antenna_51 61 78 18 8 444 879
antenna_53 56 74 18 8 591 127
antenna_118 313 58 18 8 593 997
antenna_21 240 92 17 8 593 1006
antenna_37 132 93 17 8 593 1015
antenna_55 52 71 17 8 597 391
antenna_24 221 94 16 8 597 400
antenna_33 158 95 16 8 597 409
antenna_35 145 95 16 8 610 127
antenna_27 200 96 15 8 611 1006
antenna_31 173 96 15 8 611 1015
antenna_56 53 69 15 8 612 997
antenna_26 208 95 14 8 627 127
antenna_34 153 95 14 8 627 1006
antenna_28 194 95 13 8 627 1015
antenna_29 187 96 13 8 628 997
antenna_91 189 26 13 8 631 688
antenna_50 62 79 21 7 204 888
antenna_47 73 83 21 7 226 888
antenna_46 79 85 20 7 557 277
antenna_43 94 88 19 7 631 697
antenna_42 100 89 19 7 631 705
antenna_65 50 53 19 7 631 713
antenna_41 106 90 18 7 578 277
antenna_44 90 87 18 7 631 721
antenna_45 85 86 18 7 641 1015
antenna_49 68 81 18 7 642 127
antenna_38 125 93 17 7 642 997
antenna_40 113 91 17 7 642 1005
antenna_39 119 92 17 7 645 688
antenna_54 54 73 17 7 650 721
antenna_59 49 64 16 7 651 696
antenna_22 235 93 15 7 651 704
antenna_60 51 62 15 7 651 712
antenna_58 51 66 15 7 661 127
antenna_25 215 95 14 7 663 688
antenna_57 53 68 14 7 667 704
antenna_61 52 60 13 7 667 712
antenna_62 53 58 13 7 668 696
antenna_30 180 98 15 6 175 1186
antenna_90 182 28 13 6 191 1186
