pant_7_20 157 23 70 47 0 0
pant_7_22 157 23 69 47 70 0
pant_7_21 157 23 69 47 139 0
pant_7_23 157 23 69 47 208 0
pant_7_11 157 23 70 46 277 0
pant_7_9 157 23 70 46 347 0
pant_7_10 157 23 70 46 417 0
pant_7_26 157 23 70 46 487 0
pant_7_28 157 23 70 46 557 0
pant_7_29 157 23 70 46 627 0
pant_7_152 157 23 70 46 697 0
pant_7_149 157 23 70 46 767 0
pant_7_151 157 23 70 46 837 0
pant_7_169 157 23 70 46 907 0
pant_7_27 157 23 67 48 977 0
pant_7_24 157 23 68 47 277 46
pant_7_160 156 23 71 45 0 47
pant_7_162 157 23 71 45 71 47
pant_6_20 155 27 74 43 142 47
pant_6_21 155 27 74 43 142 90
pant_7_8 157 23 69 46 0 92
pant_7_18 156 23 69 46 69 92
pant_7_16 157 23 70 45 345 46
pant_7_153 157 23 70 45 415 46
pant_7_156 157 23 70 45 485 46
pant_7_158 157 23 70 45 555 46
pant_7_154 157 23 70 45 625 46
pant_7_157 157 23 70 45 695 46
pant_7_164 157 23 70 45 765 46
pant_7_170 157 23 70 45 835 46
pant_7_25 158 23 67 47 905 46
pant_6_22 155 27 73 43 345 91
pant_6_23 155 27 73 43 216 93
pant_6_26 156 27 73 43 138 133
pant_7_5 158 23 68 46 0 138
pant_7_17 157 23 68 46 68 138
pant_7_168 159 23 68 46 418 91
pant_6_17 155 27 74 42 289 134
pant_7_19 158 23 69 45 211 136
pant_7_31 157 24 69 45 136 176
pant_7_159 158 23 69 45 0 184
pant_7_172 158 23 69 45 486 91
pant_7_171 157 23 69 45 555 91
pant_7_174 158 23 69 45 624 91
pant_6_30 156 27 72 43 693 91
pant_6_175 156 27 72 43 765 91
pant_7_30 159 23 67 46 69 184
pant_7_13 157 23 70 44 1044 0
pant_7_14 157 23 70 44 1114 0
pant_7_148 157 24 70 44 1184 0
pant_7_165 157 23 70 44 1254 0
pant_7_166 157 23 70 44 1324 0
pant_7_167 157 23 70 44 1394 0
pant_6_169 156 27 73 42 1464 0
pant_7_2 158 23 68 45 837 91
pant_7_4 158 23 68 45 0 229
pant_7_6 158 23 68 45 693 134
pant_7_35 158 24 68 45 761 134
pant_7_142 158 24 68 45 486 136
pant_7_144 158 24 68 45 363 137
pant_7_145 158 24 68 45 280 176
pant_7_150 157 23 68 45 205 181
pant_7_163 159 23 68 45 136 221
pant_7_175 158 23 68 45 68 230
pant_7_179 158 23 68 45 0 274
pant_6_25 156 27 71 43 554 136
pant_7_15 157 23 69 44 1537 0
pant_7_32 157 24 69 44 1464 42
pant_7_40 159 24 66 46 625 136
pant_6_19 155 27 74 41 431 181
pant_6_160 155 27 74 41 348 182
pant_6_158 155 27 74 41 273 221
pant_6_159 155 27 74 41 505 181
pant_6_161 155 27 74 41 1606 0
pant_6_163 155 27 74 41 1680 0
pant_6_5 156 27 72 42 1754 0
pant_6_18 155 27 72 42 1606 41
pant_6_27 156 27 72 42 1533 44
pant_6_31 156 27 72 42 1678 41
pant_6_149 156 27 72 42 1826 0
pant_6_151 156 27 72 42 1898 0
pant_7_1 158 23 67 45 204 226
pant_7_36 158 24 67 45 136 266
pant_7_38 158 24 67 45 68 275
pant_7_143 158 24 67 45 0 319
pant_6_28 156 27 70 43 1750 42
pant_6_150 158 27 70 43 1605 83
pant_6_154 155 27 73 41 1675 83
pant_6_157 156 27 73 41 1820 42
pant_7_12 157 23 68 44 1893 42
pant_7_33 158 24 68 44 1820 83
pant_7_147 158 24 68 44 1748 85
pant_7_173 158 23 68 44 1675 124
pant_6_4 157 27 71 42 1888 86
pant_6_9 156 27 71 42 1816 127
pant_6_8 156 27 71 42 1743 129
pant_6_168 157 27 71 42 1887 128
pant_6_172 157 27 71 42 1814 169
pant_7_37 159 24 66 45 1885 170
pant_7_39 159 24 66 45 1044 44
pant_7_41 159 24 66 45 972 48
pant_7_42 159 24 66 45 1110 44
pant_7_138 159 24 66 45 1176 44
pant_7_139 159 24 66 45 1242 44
pant_7_140 159 24 66 45 1308 44
pant_7_141 159 24 66 45 1374 44
pant_7_155 159 23 66 45 1440 86
pant_7_161 160 23 66 45 1506 86
pant_6_24 156 27 69 43 1572 126
pant_5_22 154 31 76 39 1641 168
pant_6_14 155 27 74 40 1717 171
pant_6_166 155 27 74 40 1038 89
pant_6_165 155 27 74 40 905 93
pant_6_6 156 27 72 41 1112 89
pant_6_10 156 27 72 41 979 129
pant_6_16 156 27 72 41 905 133
pant_6_153 156 27 72 41 829 136
pant_6_155 156 27 72 41 1184 89
pant_6_156 156 27 72 41 1256 89
pant_6_162 156 27 72 41 1328 89
pant_6_164 156 27 72 41 1051 130
pant_6_171 156 27 72 41 977 170
pant_6_170 156 27 72 41 901 174
pant_6_174 156 27 72 41 829 177
pant_7_7 158 23 67 44 691 179
pant_7_3 158 23 67 44 758 179
pant_7_34 159 24 67 44 579 182
pant_7_146 158 24 67 44 422 222
pant_7_176 158 23 67 44 347 223
pant_7_177 158 23 67 44 271 262
pant_7_136 160 24 64 46 203 271
pant_7_134 160 24 64 46 135 311
pant_6_11 158 27 70 42 489 222
pant_6_29 156 27 70 42 1123 130
pant_6_152 158 27 70 42 1049 171
pant_5_21 155 31 75 39 973 211
pant_5_23 154 31 75 39 825 218
pant_7_0 158 23 68 43 67 320
pant_7_178 158 23 68 43 901 215
pant_6_167 155 27 73 40 646 223
pant_6_7 157 27 71 41 559 226
pant_6_142 157 28 69 42 489 264
pant_5_18 154 31 76 38 719 223
pant_5_158 154 31 76 38 795 257
pant_5_157 154 31 76 38 719 261
pant_5_162 154 31 76 38 630 263
pant_5_20 154 31 74 39 414 266
pant_6_33 156 28 72 40 558 267
pant_6_32 156 28 72 40 338 267
pant_7_43 160 24 64 45 267 306
pant_7_44 160 24 64 45 199 317
pant_7_46 160 24 64 45 135 357
pant_7_45 160 24 64 45 67 363
pant_7_135 160 24 64 45 0 364
pant_7_137 160 24 64 45 410 305
pant_6_1 157 27 70 41 331 307
pant_6_2 157 27 70 41 331 348
pant_6_3 157 27 70 41 474 306
pant_6_36 157 28 70 41 199 362
pant_6_37 157 28 70 41 1193 130
pant_6_143 157 28 70 41 1263 130
pant_6_144 157 28 70 41 1333 130
pant_6_179 157 27 70 41 1403 131
pant_6_138 158 28 68 42 131 402
pant_6_140 158 28 68 42 1473 131
pant_7_132 161 24 62 46 269 351
pant_7_131 161 24 62 46 64 408
pant_7_133 161 24 62 46 0 409
pant_5_26 155 32 75 38 1541 169
pant_5_25 155 32 75 38 1193 171
pant_5_154 154 32 75 38 1268 171
pant_5_168 155 31 75 38 1343 172
pant_5_169 154 31 75 38 1418 173
pant_6_15 157 27 71 40 1119 172
pant_6_13 156 27 71 40 1190 209
pant_6_147 156 28 71 40 1119 212
pant_6_148 156 28 71 40 1048 213
pant_6_173 156 27 71 40 969 250
pant_6_176 156 27 71 40 1261 209
pant_6_38 158 28 69 41 1332 210
pant_6_141 158 28 69 41 871 258
pant_6_41 159 28 67 42 795 295
pant_5_6 155 31 74 38 706 299
pant_5_8 155 31 74 38 630 301
pant_5_5 155 31 74 38 544 307
pant_5_11 156 31 74 38 1190 249
pant_5_19 154 31 76 37 1040 253
pant_5_30 155 32 74 38 1116 253
pant_5_150 155 32 74 38 940 290
pant_5_161 154 31 76 37 862 299
pant_5_160 154 31 76 37 1014 290
pant_5_164 154 31 76 37 1493 207
pant_5_163 154 31 76 37 1401 211
pant_5_172 155 31 74 38 1569 207
pant_5_24 155 31 72 39 1643 207
pant_7_48 161 24 61 46 216 47
pant_6_177 157 27 70 40 1477 244
pant_6_39 158 28 68 41 1264 249
pant_6_40 158 28 68 41 1190 287
pant_6_42 158 28 68 41 1401 248
pant_5_10 154 31 75 37 1547 245
pant_5_155 154 32 75 37 1090 291
pant_5_159 154 31 75 37 1014 327
pant_5_170 155 31 75 37 938 328
pant_5_17 154 31 73 38 862 336
pant_6_43 159 28 66 42 1332 251
pant_6_45 159 28 66 42 1258 290
pant_6_135 159 28 66 42 704 337
pant_6_12 158 27 69 40 618 339
pant_7_50 162 24 60 46 544 345
pant_7_52 162 24 60 46 474 347
pant_7_130 162 24 60 46 401 350
pant_7_129 162 24 60 46 331 389
pant_6_35 158 28 67 41 770 337
pant_6_139 158 28 67 41 199 403
pant_6_145 159 28 67 41 1089 328
pant_7_47 162 24 61 45 269 397
pant_7_49 162 24 61 45 1013 364
pant_5_3 155 31 74 37 935 365
pant_5_7 155 31 74 37 837 374
pant_5_31 155 32 74 37 1156 328
pant_5_149 155 32 74 37 911 402
pant_5_151 155 32 74 37 1715 211
pant_5_156 155 31 74 37 1622 246
pant_5_171 155 31 74 37 1547 282
pant_5_174 155 31 74 37 1469 284
pant_5_176 155 31 74 37 1789 211
pant_5_4 156 31 72 38 1863 215
pant_5_13 154 31 76 36 1324 293
pant_5_35 156 32 72 38 1696 248
pant_5_37 156 32 72 38 1621 283
pant_5_143 156 32 72 38 1543 319
pant_5_152 155 32 72 38 1768 248
pant_5_167 154 31 76 36 1400 321
pant_6_0 157 27 70 39 1324 329
pant_6_46 160 28 65 42 1935 215
pant_6_134 159 28 65 42 1476 321
pant_6_136 159 28 65 42 770 378
pant_6_178 157 27 70 39 835 411
pant_6_34 157 28 68 40 1394 357
pant_6_146 159 28 68 40 1230 332
pant_7_128 162 24 59 46 1156 365
pant_7_127 162 24 59 46 1074 369
pant_6_44 159 28 66 41 985 409
pant_6_137 159 28 66 41 905 439
pant_5_2 156 31 73 37 1840 253
pant_5_27 155 32 73 37 1913 257
pant_5_28 155 32 73 37 1298 368
pant_5_15 155 31 75 36 1215 372
pant_5_165 154 31 75 36 1693 286
pant_5_166 154 31 75 36 1615 321
pant_7_51 162 24 60 45 1768 286
pant_5_9 155 31 71 38 1690 322
pant_5_34 156 32 71 38 1828 290
pant_5_142 156 32 71 38 1899 294
pant_6_47 160 28 64 42 1828 328
pant_6_48 160 28 64 42 1761 331
pant_6_133 160 28 64 42 1892 332
pant_6_132 160 28 64 42 1825 370
pant_5_1 156 31 72 37 1889 374
pant_5_12 155 31 74 36 1889 411
pant_5_16 157 31 72 37 1541 357
pant_5_36 156 32 72 37 1613 357
pant_5_144 156 32 72 37 1685 360
pant_5_145 156 32 72 37 1462 363
pant_5_153 155 32 74 36 1371 397
pant_5_148 155 32 74 36 1290 405
pant_5_173 155 31 74 36 1215 408
pant_5_175 155 31 72 37 1133 411
pant_5_177 155 31 74 36 1051 415
pant_5_179 156 31 72 37 971 450
pant_5_140 157 32 70 38 1534 394
pant_4_21 153 36 78 34 1604 394
pant_4_22 153 36 78 34 1445 400
pant_6_131 161 28 63 42 1757 373
pant_5_14 155 31 73 36 1682 397
pant_5_147 155 32 73 36 1604 428
pant_5_178 155 31 73 36 1523 432
pant_5_29 155 32 71 37 1364 433
pant_5_38 157 32 71 37 1289 441
pant_6_49 160 28 64 41 1820 412
pant_5_39 158 32 69 38 1205 444
pant_5_41 157 32 69 38 1125 448
pant_5_141 157 32 69 38 1043 451
pant_4_19 154 36 77 34 1435 434
pant_7_54 163 25 58 45 1755 415
pant_7_55 163 25 58 45 1677 433
pant_7_126 163 25 58 45 1596 464
pant_7_125 163 25 58 45 1884 447
pant_6_50 161 28 62 42 1813 453
pant_6_130 161 28 62 42 1735 460
pant_6_128 161 28 62 42 1654 478
pant_6_129 161 28 62 42 1875 492
pant_5_32 155 32 72 36 1797 495
pant_4_24 154 36 76 34 1716 502
pant_4_25 154 36 76 34 1792 531
pant_4_23 154 36 76 34 1868 534
pant_4_28 154 36 76 34 1435 468
pant_4_32 154 36 76 34 1511 468
pant_4_150 154 36 76 34 1274 478
pant_4_152 154 36 76 34 1194 482
pant_4_154 154 36 76 34 1112 486
pant_5_42 158 32 68 38 1360 470
pant_5_43 158 32 68 38 604 379
pant_5_45 158 32 68 38 534 391
pant_5_135 158 32 68 38 461 393
pant_5_136 158 32 68 38 391 396
pant_5_138 158 32 68 38 672 379
pant_4_18 153 36 78 33 602 417
pant_4_160 153 36 78 33 680 417
pant_4_159 153 36 78 33 459 431
pant_4_162 153 36 78 33 330 435
pant_6_52 162 28 61 42 1937 492
pant_6_51 161 28 61 42 266 442
pant_5_33 156 32 71 36 758 420
pant_5_146 157 32 71 36 829 450
pant_5_40 157 32 69 37 900 480
pant_5_139 158 32 69 37 969 487
pant_7_53 164 25 58 44 1942 447
pant_4_20 153 36 75 34 126 444
pant_4_29 154 36 75 34 0 455
pant_4_30 154 36 75 34 1428 502
pant_4_17 153 36 77 33 1350 508
pant_4_155 153 36 77 33 1270 512
pant_4_161 153 36 77 33 1188 516
pant_5_0 156 31 72 35 1038 489
pant_6_53 162 28 60 42 537 429
pant_6_127 162 28 60 42 201 444
pant_7_56 164 25 56 45 1944 534
pant_7_57 164 25 56 45 1110 520
pant_7_123 164 25 56 45 1503 502
pant_7_124 164 25 56 45 1427 536
pant_4_34 155 36 74 34 1347 541
pant_4_35 155 36 74 34 1265 545
pant_5_137 158 32 68 37 1339 575
pant_4_4 154 36 76 33 1559 509
pant_4_6 154 36 76 33 1635 520
pant_4_5 154 36 76 33 1559 542
pant_4_9 154 36 76 33 1483 547
pant_4_11 154 36 76 33 1711 536
pant_4_15 155 36 76 33 1635 553
pant_4_26 154 36 76 33 1559 575
pant_4_151 154 36 76 33 1483 580
pant_4_157 154 36 76 33 1407 581
pant_4_158 153 36 76 33 1787 565
pant_4_165 153 36 76 33 1711 569
pant_4_169 154 36 76 33 1635 586
pant_4_168 154 36 76 33 1559 608
pant_4_175 154 35 76 33 1483 613
pant_4_176 154 35 76 33 1863 568
pant_4_174 154 35 76 33 1787 598
pant_4_177 154 35 76 33 1711 602
pant_5_44 158 32 66 38 1635 619
pant_4_16 153 36 78 32 1166 549
pant_4_164 153 36 78 32 1244 579
pant_5_47 160 32 64 39 1559 641
pant_5_49 160 32 64 39 75 478
pant_4_36 155 36 73 34 0 489
pant_4_7 155 36 75 33 408 464
pant_4_8 155 36 75 33 327 468
pant_4_31 155 36 75 33 1863 601
pant_4_149 154 36 75 33 1787 631
pant_7_122 165 25 55 45 1939 579
pant_5_48 159 32 65 38 261 484
pant_5_46 159 32 65 38 1701 635
pant_5_132 160 32 65 38 1623 657
pant_5_133 160 32 65 38 139 486
pant_5_134 160 32 65 38 73 517
pant_4_163 154 36 77 32 1862 634
pant_4_170 154 36 77 32 1766 664
pant_6_126 162 29 60 41 1939 624
pant_4_42 157 36 70 35 0 523
pant_4_44 157 36 70 35 1688 673
pant_4_37 156 36 72 34 1843 666
pant_4_142 156 36 72 34 1915 666
pant_4_144 155 36 74 33 1758 696
pant_4_145 155 36 74 33 597 450
pant_4_179 155 35 74 33 671 450
pant_4_3 154 36 76 32 745 456
pant_4_10 153 36 76 32 821 486
pant_4_148 154 36 76 32 483 471
pant_4_156 154 36 76 32 402 497
pant_4_171 154 36 76 32 326 501
pant_4_172 154 36 76 32 204 522
pant_5_50 160 32 64 38 138 524
pant_5_51 160 33 64 38 70 555
pant_5_130 160 32 64 38 0 558
pant_5_131 160 32 64 38 897 517
pant_7_59 165 25 54 45 961 524
pant_7_120 165 25 54 45 1015 524
pant_7_121 165 25 54 45 1069 565
pant_7_58 164 25 55 44 431 137
pant_6_54 163 29 59 41 1123 581
pant_6_55 162 29 59 41 1182 581
pant_6_125 163 29 59 41 1241 611
pant_4_13 153 36 78 31 1300 612
pant_4_14 153 36 78 31 1378 614
pant_4_166 153 36 78 31 1300 643
pant_4_167 153 36 78 31 1378 645
pant_4_40 157 36 71 34 1456 646
pant_4_140 156 36 71 34 1832 700
pant_4_27 155 36 73 33 1903 700
pant_4_143 155 36 73 33 1903 733
pant_4_153 154 36 75 32 559 483
pant_4_173 154 36 75 32 478 503
pant_4_12 154 36 77 31 634 483
pant_7_60 166 25 53 45 402 529
pant_4_39 158 36 70 34 711 488
pant_4_43 157 36 70 34 634 514
pant_4_136 157 36 70 34 553 515
pant_4_138 157 36 70 34 455 535
pant_6_56 163 29 58 41 781 518
pant_6_124 163 29 58 41 839 518
pant_4_38 156 36 72 33 704 522
pant_3_19 153 40 79 30 623 548
pant_4_2 155 36 74 32 702 555
pant_4_1 155 36 74 32 525 549
pant_4_146 155 36 74 32 599 578
pant_4_147 155 36 74 32 280 533
pant_4_178 155 35 74 32 202 554
pant_5_129 160 33 64 37 897 555
pant_5_54 161 33 62 38 134 562
pant_5_52 161 33 62 38 455 569
pant_4_41 157 36 69 34 64 593
pant_3_21 153 40 78 30 517 581
pant_3_20 153 40 78 30 961 569
pant_3_22 153 40 78 30 776 559
pant_3_24 153 40 78 30 673 587
pant_3_26 153 40 78 30 595 610
pant_3_23 153 40 78 30 276 565
pant_3_25 153 40 78 30 196 586
pant_3_157 153 40 78 30 354 574
pant_3_159 153 40 78 30 274 595
pant_3_153 153 40 78 30 352 604
pant_3_155 153 40 78 30 430 607
pant_3_154 153 40 78 30 508 611
pant_7_62 166 25 52 45 133 600
pant_7_61 166 25 52 45 0 596
pant_7_117 166 25 52 45 52 627
pant_7_119 166 25 52 45 0 641
pant_7_118 166 25 52 45 185 616
pant_6_57 163 29 57 41 104 645
pant_6_123 164 29 57 41 237 625
pant_4_45 158 37 68 34 161 661
pant_3_30 154 40 77 30 294 634
pant_3_28 153 40 77 30 371 637
pant_3_150 153 40 77 30 294 664
pant_3_152 154 40 77 30 751 589
pant_3_176 154 40 77 30 673 617
pant_4_137 157 36 70 33 586 640
pant_4_139 157 36 70 33 828 592
pant_4_141 156 36 70 33 750 619
pant_4_33 155 36 72 32 656 647
pant_6_58 164 29 56 41 289 93
pant_6_59 164 29 56 41 448 637
pant_6_121 164 29 56 41 898 592
pant_6_122 164 29 56 41 229 666
pant_7_63 167 25 51 45 52 672
pant_5_53 161 33 62 37 371 667
pant_5_127 161 33 62 37 820 625
pant_5_128 161 33 62 37 504 641
pant_3_14 153 40 79 29 285 694
pant_3_18 153 40 79 29 566 673
pant_3_160 153 40 79 29 728 652
pant_3_161 152 40 79 29 645 679
pant_3_162 152 40 79 29 954 599
pant_3_27 155 40 76 30 1033 610
pant_4_47 158 37 67 34 954 628
pant_3_7 153 40 78 29 103 695
pant_3_8 153 40 78 29 0 717
pant_3_11 153 40 78 29 181 707
pant_3_9 153 40 78 29 78 724
pant_3_17 153 40 78 29 0 746
pant_3_15 153 40 78 29 1109 622
pant_3_158 153 40 78 29 1021 640
pant_3_165 153 40 78 29 433 678
pant_3_168 153 40 78 29 511 702
pant_3_166 153 40 78 29 1099 651
pant_3_169 153 40 78 29 1177 652
pant_3_171 153 40 78 29 1255 674
pant_3_173 153 40 78 29 1333 676
pant_5_126 162 33 61 37 364 704
pant_6_60 165 29 55 41 589 702
pant_6_120 164 29 55 41 882 633
pant_3_32 155 40 75 30 807 662
pant_7_64 167 25 50 45 724 681
pant_7_65 167 25 50 45 644 708
pant_7_114 166 25 50 45 937 662
pant_7_115 167 25 50 45 882 674
pant_4_48 159 37 66 34 425 707
pant_4_49 159 37 66 34 491 731
pant_4_133 158 37 68 33 557 743
pant_4_134 158 37 68 33 259 723
pant_4_135 158 37 68 33 156 736
pant_7_116 166 25 51 44 78 753
pant_5_56 162 33 59 38 0 775
pant_3_6 154 40 77 29 774 692
pant_3_4 153 40 77 29 987 669
pant_3_5 153 40 77 29 1064 680
pant_3_29 154 40 77 29 987 698
pant_3_151 153 40 77 29 1141 681
pant_4_0 155 36 74 30 1064 709
pant_5_55 162 33 60 37 1218 703
pant_5_124 162 33 60 37 1138 710
pant_5_125 162 33 60 37 851 719
pant_6_62 165 29 54 41 1278 703
pant_6_61 165 29 54 41 932 707
pant_6_119 165 29 54 41 774 721
pant_6_118 165 29 54 41 986 727
pant_3_16 152 40 79 28 694 726
pant_3_164 153 40 79 28 1198 740
pant_3_31 154 40 76 29 1040 739
pant_3_34 154 41 76 29 1116 747
pant_3_149 154 40 76 29 625 754
pant_5_58 163 33 58 38 701 754
pant_3_10 153 40 78 28 828 756
pant_3_156 153 40 78 28 906 756
pant_3_163 153 40 78 28 984 768
pant_3_170 153 40 78 28 327 741
pant_3_174 153 40 78 28 405 741
pant_3_172 153 40 78 28 224 756
pant_6_117 166 29 52 42 1062 768
pant_4_50 159 37 66 33 759 762
pant_4_46 158 37 66 33 483 765
pant_4_131 159 37 66 33 549 776
pant_4_130 159 37 66 33 615 783
pant_4_51 160 37 64 34 681 792
pant_4_128 160 37 64 34 129 769
pant_3_35 155 41 75 29 825 784
pant_7_111 168 25 47 46 59 797
pant_3_41 156 41 72 30 745 795
pant_3_40 156 41 72 30 900 784
pant_3_42 156 41 72 30 817 813
pant_7_67 168 25 48 45 1951 170
pant_7_66 168 25 48 45 0 813
pant_3_175 154 40 77 28 972 796
pant_7_113 167 25 49 44 745 825
pant_3_37 155 41 74 29 889 814
pant_5_57 163 33 58 37 302 769
pant_5_123 163 33 58 37 193 784
pant_5_122 163 33 58 37 106 803
pant_6_114 166 29 51 42 251 784
pant_6_64 166 29 52 41 164 821
pant_6_63 166 29 52 41 106 840
pant_6_116 166 29 52 41 48 843
pant_3_1 154 40 76 28 360 769
pant_3_3 154 40 76 28 360 797
pant_3_2 154 40 76 28 436 798
pant_3_33 154 40 76 28 512 809
pant_3_147 154 40 76 28 588 816
pant_3_177 154 40 76 28 664 826
pant_3_179 154 40 76 28 302 825
pant_5_60 164 33 56 38 378 825
pant_5_119 164 33 56 38 434 826
pant_3_39 155 41 73 29 216 826
pant_3_36 155 41 73 29 289 853
pant_3_142 155 41 73 29 216 855
pant_4_52 160 37 64 33 362 863
pant_4_129 160 37 64 33 289 882
pant_4_132 159 37 66 32 1400 289
pant_7_112 167 25 48 44 0 858
pant_5_59 164 33 57 37 158 862
pant_5_121 163 33 57 37 100 881
pant_4_53 161 37 62 34 215 884
pant_4_54 161 37 62 34 490 837
pant_3_13 153 40 78 27 0 902
pant_3_12 153 40 78 27 552 844
pant_3_167 153 40 78 27 630 854
pant_3_44 157 41 70 30 426 871
pant_3_148 154 40 75 28 496 871
pant_3_145 154 41 75 28 1411 680
pant_6_115 166 29 51 41 157 899
pant_5_61 164 33 55 38 571 871
pant_3_140 156 41 72 29 353 896
pant_4_127 161 37 63 33 496 899
pant_3_143 155 41 74 28 277 915
pant_3_144 155 41 74 28 1332 705
pant_5_120 164 33 56 37 208 918
pant_3_46 157 41 69 30 425 901
pant_3_45 158 41 69 30 351 925
pant_3_135 157 41 69 30 420 931
pant_7_68 169 25 46 45 78 918
pant_3_43 156 41 71 29 0 929
pant_3_178 154 40 76 27 0 958
pant_5_62 165 33 54 38 124 940
pant_6_65 167 29 50 41 264 943
pant_6_66 167 29 50 41 178 955
pant_4_126 161 37 62 33 76 978
pant_3_38 156 41 73 28 0 985
pant_3_141 156 41 73 28 314 955
pant_4_55 162 37 60 34 1486 680
pant_4_56 162 37 60 34 1546 680
pant_4_57 162 37 60 34 1406 708
pant_5_65 166 33 52 39 1332 733
pant_3_146 155 41 75 27 1606 695
pant_7_69 169 25 46 44 1277 744
pant_7_110 168 26 46 44 1681 708
pant_3_137 156 41 72 28 1192 768
pant_3_139 156 41 72 28 1114 776
pant_3_138 156 41 72 28 1727 729
pant_5_63 165 33 53 38 1799 734
pant_5_117 166 33 53 38 1466 714
pant_4_125 161 37 61 33 1384 742
pant_6_112 167 29 49 41 1852 734
pant_6_113 167 29 49 41 1323 772
pant_2_19 152 45 80 25 1519 714
pant_2_22 152 45 80 25 1599 722
pant_2_20 152 45 80 25 1519 739
pant_2_24 152 45 80 25 1599 747
pant_2_21 152 45 80 25 1901 766
pant_2_23 152 45 80 25 1679 757
pant_2_25 152 45 80 25 1759 772
pant_2_155 152 45 80 25 1186 796
pant_2_157 152 45 80 25 1049 810
pant_2_159 152 45 80 25 963 824
pant_2_161 152 45 80 25 1445 764
pant_5_118 165 33 54 37 1266 788
pant_4_123 162 37 60 33 1839 775
pant_7_108 169 26 45 44 1129 804
pant_7_107 168 26 45 44 1372 775
pant_7_105 168 26 45 44 1320 813
pant_3_0 154 40 76 26 1043 835
pant_5_64 166 33 52 38 1525 764
pant_5_115 166 33 52 38 1174 821
pant_5_116 166 33 52 38 1119 848
pant_2_26 152 45 79 25 1226 825
pant_2_154 153 45 79 25 1226 850
pant_6_111 168 29 47 42 1171 859
pant_3_47 158 41 68 29 1899 791
pant_3_48 158 41 68 29 1577 772
pant_3_131 158 41 68 29 1417 789
pant_3_133 158 41 68 29 1645 782
pant_4_59 163 37 58 34 979 93
pant_4_58 163 37 58 34 1577 801
pant_4_60 163 37 58 34 1485 802
pant_4_121 163 37 58 34 1417 818
pant_6_67 168 29 48 41 354 533
pant_6_68 168 29 48 41 1365 819
pant_3_136 157 41 70 28 1713 797
pant_2_4 153 45 78 25 1635 811
pant_2_28 153 45 78 25 1543 835
pant_2_27 153 45 78 25 1783 808
pant_2_30 153 45 78 25 1413 852
pant_2_29 153 45 78 25 1305 860
pant_2_150 153 45 78 25 1218 875
pant_2_152 153 45 78 25 1861 820
pant_2_153 153 45 78 25 1713 833
pant_2_175 153 45 78 25 1621 836
pant_2_176 153 45 78 25 1491 860
pant_4_122 163 37 59 33 1939 820
pant_4_124 162 37 59 33 1791 833
pant_3_49 159 41 67 29 1850 845
pant_5_114 166 33 51 38 1569 860
pant_7_70 170 26 44 44 1917 853
pant_7_71 169 26 45 43 1699 858
pant_3_134 158 41 69 28 1620 861
pant_6_110 168 29 47 41 1744 858
pant_2_32 153 45 77 25 1620 889
pant_2_39 155 45 74 26 1383 877
pant_2_40 155 45 74 26 1296 885
pant_2_9 152 45 80 24 1457 885
pant_2_13 152 45 80 24 1537 898
pant_2_14 152 45 80 24 1370 903
pant_2_15 152 45 80 24 1450 909
pant_2_17 152 45 80 24 1791 874
pant_2_18 152 45 80 24 1871 897
pant_2_158 152 45 80 24 1791 898
pant_2_160 152 45 80 24 1697 901
pant_2_162 152 45 80 24 1617 914
pant_2_166 152 45 80 24 1530 922
pant_2_169 152 45 80 24 1871 921
pant_2_168 152 45 80 24 1777 922
pant_2_171 152 45 80 24 1697 925
pant_3_128 160 41 64 30 1218 900
pant_3_50 159 41 66 29 1610 938
pant_3_51 159 41 66 29 1282 911
pant_3_129 159 41 66 29 1348 927
pant_3_130 159 41 66 29 1414 933
pant_3_132 158 41 68 28 1480 946
pant_4_61 164 37 56 34 204 486
pant_4_119 164 37 56 34 1548 946
pant_2_34 154 45 76 25 1857 945
pant_2_35 154 45 76 25 1777 946
pant_2_36 154 45 76 25 1676 949
pant_2_37 154 45 76 25 1853 970
pant_5_66 167 33 50 38 1933 945
pant_5_67 167 33 50 38 1929 983
pant_2_41 156 45 73 26 1752 971
pant_2_11 153 45 79 24 1825 995
pant_2_173 152 45 79 24 1604 974
pant_7_99 170 26 43 44 1951 897
pant_7_104 170 26 43 44 1683 974
pant_3_54 161 41 63 30 1726 997
pant_3_126 160 41 63 30 1789 1019
pant_7_106 168 26 45 42 1852 1019
pant_7_109 169 26 45 42 1897 1021
pant_4_120 164 37 57 33 1942 1021
pant_2_3 153 45 78 24 794 843
pant_2_6 153 45 78 24 872 843
pant_2_5 153 45 78 24 950 849
pant_2_7 153 45 78 24 1028 861
pant_2_31 153 45 78 24 794 867
pant_2_42 156 45 72 26 872 867
pant_2_43 156 45 72 26 944 873
pant_2_151 153 45 78 24 708 869
pant_2_149 153 45 78 24 626 881
pant_2_174 153 45 78 24 786 891
pant_3_55 161 41 62 30 864 893
pant_3_53 160 41 64 29 704 893
pant_3_52 160 41 64 29 626 905
pant_3_127 160 41 64 29 559 909
pant_2_142 155 45 74 25 768 915
pant_5_113 167 33 50 37 1942 1054
pant_7_74 170 26 43 43 489 932
pant_7_72 170 26 43 43 690 922
pant_7_100 170 26 43 43 623 934
pant_2_33 153 45 77 24 532 938
pant_2_148 154 45 77 24 532 962
pant_7_73 171 26 42 44 387 961
pant_7_101 170 26 42 44 429 961
pant_7_102 169 26 42 44 471 975
pant_2_44 156 45 71 26 314 983
pant_6_108 169 30 45 41 646 182
pant_6_107 168 30 45 41 228 984
pant_2_10 152 45 80 23 385 1005
pant_2_8 152 45 80 23 138 996
pant_2_156 152 45 80 23 1016 885
pant_2_164 152 45 80 23 926 899
pant_2_163 152 45 80 23 273 1009
pant_2_170 152 45 80 23 1096 901
pant_2_172 152 45 80 23 1006 908
pant_6_70 169 30 46 40 73 1011
pant_6_69 169 29 46 40 0 1013
pant_2_49 158 46 68 27 926 922
pant_4_62 165 37 54 34 842 923
pant_4_63 165 37 54 34 733 940
pant_2_143 154 45 76 24 119 1019
pant_2_144 154 45 76 24 195 1025
pant_2_145 154 45 76 24 119 1043
pant_5_112 167 34 49 37 787 940
pant_2_50 158 46 67 27 666 965
pant_6_75 170 30 43 42 1956 332
pant_7_75 171 26 42 43 1176 901
pant_6_72 170 29 44 41 733 974
pant_7_103 171 26 41 44 1959 86
pant_3_58 162 42 60 30 1218 930
pant_6_71 169 30 45 40 609 977
pant_6_105 168 30 45 40 1278 940
pant_6_106 168 30 45 40 46 1051
pant_6_109 169 30 45 40 0 1053
pant_3_56 161 42 62 29 654 992
pant_3_59 163 42 58 31 1086 924
pant_3_124 161 42 62 29 1144 944
pant_3_125 161 41 62 29 1206 960
pant_2_2 153 45 78 23 1323 956
pant_2_177 153 45 78 23 1401 962
pant_1_53 159 49 66 27 1479 974
pant_2_51 159 46 66 27 1323 979
pant_2_52 159 46 66 27 1389 985
pant_4_64 165 38 54 33 1268 980
pant_4_118 165 37 54 33 1545 980
pant_4_116 165 38 54 33 1322 1006
pant_4_117 165 38 54 33 1599 998
pant_2_38 155 45 74 24 1455 1001
pant_2_139 155 45 74 24 1376 1012
pant_2_140 155 45 74 24 994 931
pant_2_141 155 45 74 24 513 986
pant_5_68 168 34 48 37 1529 1013
pant_5_69 168 34 48 37 1653 1018
pant_5_111 168 34 48 37 1577 1031
pant_2_1 154 45 77 23 1450 1025
pant_2_147 154 45 77 23 1701 1027
pant_2_179 153 45 77 23 513 1010
pant_4_65 166 38 52 34 590 1017
pant_6_99 170 30 43 41 465 1019
pant_6_101 170 30 43 41 1376 1036
pant_7_89 171 27 41 43 1778 1049
pant_1_174 152 49 80 22 508 1033
pant_1_171 152 49 80 22 896 949
pant_2_12 152 45 80 22 1419 1048
pant_2_16 152 45 80 22 353 1028
pant_2_165 152 45 80 22 271 1032
pant_2_167 152 45 80 22 351 1050
pant_7_79 171 26 40 44 836 957
pant_7_80 171 26 40 44 777 977
pant_7_97 171 26 39 45 716 1015
pant_2_46 157 46 70 25 642 1021
pant_2_45 157 46 70 25 642 1046
pant_2_133 157 46 70 25 195 1049
pant_2_135 157 46 70 25 1701 1050
pant_4_115 166 38 53 33 588 1051
pant_2_146 154 45 76 23 1625 1055
pant_3_57 162 42 60 29 1701 1075
pant_5_71 168 34 47 37 1499 1050
pant_5_109 168 34 47 37 1819 1061
pant_5_110 168 34 47 37 1761 1092
pant_3_61 164 42 56 31 1866 1063
pant_3_62 164 42 56 31 1922 1091
pant_2_53 160 46 64 27 1546 1068
pant_2_54 160 46 64 27 508 1055
pant_2_137 156 45 72 24 431 1060
pant_2_138 156 45 72 24 1419 1070
pant_7_96 171 26 41 42 1491 1087
pant_6_73 170 30 43 40 1866 1094
pant_6_102 169 30 43 40 1808 1098
pant_7_76 172 26 40 43 503 1082
pant_7_98 170 26 40 43 543 1082
pant_2_129 159 46 66 26 265 1054
pant_2_178 153 45 78 22 1610 1078
pant_4_66 166 38 52 33 1532 1095
pant_4_114 166 38 52 33 1909 1122
pant_7_78 172 26 39 44 1961 42
pant_7_87 173 27 39 44 1961 853
pant_7_88 173 27 39 44 1961 1122
pant_2_136 157 45 71 24 331 1072
pant_1_39 155 50 74 23 402 1084
pant_1_164 151 49 81 21 91 1067
pant_2_55 161 46 63 27 172 1074
pant_2_47 159 46 68 25 91 1088
pant_2_48 158 46 68 25 0 1093
pant_3_121 163 42 58 29 1851 1134
pant_1_21 152 49 80 21 235 1080
pant_1_19 152 49 80 21 315 1096
pant_1_20 152 49 80 21 395 1107
pant_1_22 152 49 80 21 1584 1100
pant_1_24 152 49 80 21 1664 1104
pant_1_152 152 49 80 21 1584 1121
pant_1_153 152 49 80 21 1664 1125
pant_1_158 152 49 80 21 1744 1138
pant_1_154 152 49 80 21 159 1101
pant_1_157 152 49 80 21 68 1113
pant_1_159 152 49 80 21 239 1117
pant_1_161 152 49 80 21 148 1122
pant_3_122 162 42 60 28 0 1118
pant_3_123 162 42 60 28 319 1117
pant_6_104 170 30 42 40 1958 130
pant_6_103 171 30 42 40 1532 1128
pant_1_42 155 50 73 23 60 1134
pant_6_74 170 30 43 39 1909 1155
pant_6_100 170 30 43 39 1952 1166
pant_7_77 172 26 39 43 0 1146
pant_2_56 161 46 62 27 1574 1142
pant_3_64 165 42 54 31 228 1138
pant_5_104 171 34 44 38 133 1143
pant_5_108 169 34 45 37 177 1143
pant_1_4 153 49 79 21 39 1157
pant_1_23 153 49 79 21 39 1178
pant_1_25 152 49 79 21 1636 1146
pant_1_155 153 49 79 21 1715 1159
pant_1_176 152 49 79 21 1636 1167
pant_1_44 156 50 72 23 1794 1163
pant_1_45 156 50 72 23 1715 1180
pant_5_70 169 34 46 36 1787 1186
pant_1_51 159 49 66 25 1833 1186
pant_2_128 159 46 66 25 1899 1205
pant_4_68 167 38 50 33 1833 1211
pant_4_67 167 38 50 33 1883 1230
pant_4_113 167 38 50 33 1933 1230
pant_4_112 167 38 50 33 976 955
pant_2_57 161 46 61 27 876 971
pant_6_78 172 30 41 40 1069 524
pant_6_88 171 31 41 40 1026 955
pant_7_90 172 27 40 41 1400 89
pant_7_91 172 27 39 42 937 971
pant_5_75 170 34 43 38 976 988
pant_1_48 158 49 68 24 1067 955
pant_1_50 158 49 68 24 1135 973
pant_4_110 168 38 48 34 1493 173
pant_1_40 155 50 74 22 1019 995
pant_5_72 170 34 44 37 876 998
pant_5_107 170 34 44 37 920 1013
pant_7_81 174 26 37 44 1963 374
pant_7_95 171 27 37 44 282 1138
pant_3_60 163 42 58 28 817 1001
pant_3_120 163 42 58 28 222 1169
pant_3_119 164 42 56 29 755 1021
pant_1_18 151 49 81 20 118 1181
pant_1_162 152 49 81 20 811 1035
pant_2_58 162 46 60 27 1203 989
pant_2_59 162 46 60 27 1093 997
pant_5_106 168 34 45 36 1153 997
pant_1_47 157 50 70 23 1019 1017
pant_1_46 157 50 70 23 0 1199
pant_2_134 157 46 70 23 1198 1016
pant_2_130 159 46 67 24 1089 1033
pant_1_7 152 49 80 20 964 1040
pant_1_9 152 49 80 20 755 1055
pant_1_13 152 49 80 20 641 1071
pant_1_15 152 49 80 20 835 1055
pant_1_11 152 49 80 20 1156 1039
pant_1_14 152 49 80 20 1044 1057
pant_1_26 152 50 80 20 915 1060
pant_1_27 152 50 80 20 1236 1039
pant_1_28 152 50 80 20 721 1075
pant_1_169 152 49 80 20 801 1075
pant_1_166 152 49 80 20 583 1091
pant_1_168 152 49 80 20 1124 1059
pant_1_173 152 49 80 20 995 1077
pant_2_126 160 46 64 25 881 1080
pant_6_80 171 30 40 40 70 1199
pant_6_79 171 30 40 40 1075 1077
pant_6_91 172 31 40 40 945 1080
pant_6_76 172 30 41 39 663 1091
pant_6_89 171 31 41 39 1316 1039
pant_6_97 171 30 39 41 1357 1077
pant_7_93 172 27 39 41 0 1222
pant_1_37 154 50 76 21 583 1111
pant_2_0 154 45 76 21 985 1097
pant_5_99 171 34 42 38 1396 1094
pant_7_86 174 27 38 42 1438 1094
pant_7_92 172 27 38 42 1476 1129
pant_3_63 165 42 55 29 1514 1168
pant_3_117 164 42 55 29 1569 1169
pant_3_115 166 42 53 30 1187 622
pant_1_52 159 49 66 24 1624 1188
pant_4_69 168 38 48 33 1690 1203
pant_4_111 168 38 48 33 1738 1203
pant_5_73 170 34 44 36 1786 1222
pant_7_83 174 26 36 44 1830 1244
pant_7_82 174 26 36 44 475 1125
pant_7_85 175 27 36 44 511 1125
pant_7_84 173 26 36 44 547 1125
pant_1_8 153 49 79 20 379 1128
pant_1_17 153 49 79 20 1204 1059
pant_3_118 164 42 56 28 319 1145
pant_2_61 163 46 58 27 1283 1078
pant_2_60 163 46 58 27 375 1148
pant_3_116 165 42 54 29 319 1173
pant_1_49 158 50 68 23 199 1197
pant_2_132 158 46 68 23 110 1201
pant_2_131 158 46 68 23 1866 1263
pant_4_107 168 38 46 34 267 1197
pant_1_3 153 49 78 20 178 1220
pant_1_30 153 50 78 20 1866 1286
pant_1_34 153 50 78 20 39 1239
pant_1_150 153 50 78 20 1115 1079
pant_3_65 166 42 52 30 0 686
pant_6_77 173 30 40 39 433 1148
pant_6_87 173 31 39 40 1944 1263
pant_6_92 172 31 39 40 1944 1303
pant_6_98 170 30 39 40 373 1175
pant_5_101 171 34 41 38 313 1202
pant_6_96 171 30 38 41 256 1231
pant_0_42 155 52 74 21 1193 1079
pant_1_41 155 50 74 21 1115 1099
pant_4_71 168 38 47 33 1061 1117
pant_4_109 168 38 47 33 117 1224
pant_1_55 161 49 62 25 985 1118
pant_2_124 161 46 62 25 164 1240
pant_5_105 170 34 43 36 117 1257
pant_1_54 160 49 64 24 39 1259
pant_2_125 160 46 64 24 1189 1100
pant_2_127 160 46 64 24 1108 1120
pant_0_41 155 52 73 21 160 1265
pant_0_39 154 53 76 20 1253 1105
pant_1_6 152 49 80 19 1172 1124
pant_1_5 152 49 80 19 0 1283
pant_1_10 152 49 80 19 1252 1125
pant_1_29 152 50 80 19 1172 1143
pant_1_35 154 50 76 20 1332 1132
pant_1_151 152 50 80 19 1252 1144
pant_1_156 152 49 80 19 1332 1152
pant_1_160 152 49 80 19 704 1095
pant_1_170 152 49 80 19 784 1095
pant_5_80 171 34 40 38 1412 1136
pant_6_83 172 30 38 40 1452 1171
pant_1_129 159 49 66 23 1490 1197
pant_4_108 168 38 46 33 1108 1144
pant_6_95 171 30 37 41 80 1283
pant_0_43 156 52 72 21 0 1302
pant_0_45 156 52 72 21 0 1323
pant_0_44 156 52 72 21 864 1105
pant_1_43 156 50 72 21 1154 1162
pant_1_135 156 50 72 21 1226 1163
pant_2_62 164 46 56 27 1556 1198
pant_5_102 171 34 42 36 936 1120
pant_5_103 171 34 42 36 1612 1212
pant_3_66 166 42 52 29 978 1143
pant_3_114 166 42 52 29 1030 1150
pant_5_74 170 34 43 35 1082 1177
pant_1_163 152 49 79 19 1125 1183
pant_1_172 152 49 79 19 1298 1171
pant_2_122 162 46 60 25 1377 1174
pant_2_121 162 46 60 25 1204 1184
pant_0_51 158 52 68 22 1125 1202
pant_1_56 161 49 62 24 1264 1190
pant_1_57 161 49 62 24 1193 1209
pant_1_1 153 49 78 19 1326 1199
pant_1_2 153 49 78 19 1404 1211
pant_1_32 153 50 78 19 1482 1225
pant_1_31 153 50 78 19 1654 1236
pant_1_33 153 50 78 19 1255 1218
pant_1_147 153 50 78 19 1333 1230
pant_1_148 153 50 78 19 704 1114
pant_1_149 153 50 78 19 782 1114
pant_1_177 153 49 78 19 583 1132
pant_1_179 153 49 78 19 1411 1244
pant_5_98 171 34 39 38 661 1130
pant_6_86 173 31 38 39 1560 1225
pant_0_40 155 53 74 20 860 1126
pant_5_85 172 35 40 37 1732 1236
pant_6_81 174 30 37 40 1598 1248
pant_6_82 174 30 37 40 1772 1258
pant_6_90 172 31 40 37 1809 1288
pant_3_113 167 42 51 29 408 434
pant_5_77 172 34 41 36 1489 1244
pant_5_78 171 34 41 36 1530 1264
pant_5_100 171 34 41 36 583 1151
pant_7_94 173 27 36 41 624 1151
pant_0_55 160 51 64 23 1849 1306
pant_4_70 169 38 46 32 1635 1255
pant_0_47 157 52 70 21 1681 1273
pant_0_46 157 52 70 21 473 1169
pant_0_48 157 52 70 21 543 1187
pant_1_133 157 50 70 21 1571 1288
pant_3_111 167 42 49 30 412 1187
pant_5_76 171 34 42 35 354 1215
pant_2_123 162 46 61 24 461 1190
pant_4_75 170 38 43 34 294 1240
pant_4_104 170 38 43 34 233 1272
pant_4_103 170 38 43 34 160 1286
pant_1_16 152 49 81 18 1641 1294
pant_2_63 164 47 56 26 1722 1298
pant_0_53 159 52 66 22 700 1133
pant_1_128 159 49 66 22 766 1133
pant_4_72 170 38 44 33 832 1146
pant_1_60 163 49 58 25 876 1146
pant_2_119 163 46 58 25 876 1171
pant_2_120 163 46 58 25 934 1172
pant_3_67 167 42 50 29 992 1179
pant_3_68 167 42 50 29 700 1155
pant_3_112 167 42 50 29 750 1155
pant_0_38 154 53 76 19 800 1179
pant_0_142 154 53 76 19 876 1197
pant_1_38 154 50 76 19 952 1208
pant_1_36 154 50 76 19 1028 1212
pant_1_144 154 50 76 19 1104 1224
pant_1_142 154 50 76 19 660 1184
pant_1_143 154 50 76 19 736 1198
pant_1_145 154 50 76 19 613 1203
pant_6_94 173 31 38 38 117 1293
pant_6_93 172 31 39 37 72 1324
pant_0_25 152 54 80 18 522 1208
pant_1_12 152 49 80 18 396 1217
pant_1_59 162 49 60 24 812 1198
pant_1_58 162 49 60 24 0 1344
pant_1_165 152 49 80 18 872 1216
pant_1_167 152 49 80 18 689 1217
pant_1_175 152 49 80 18 602 1222
pant_3_110 168 42 48 30 1180 1233
pant_5_90 171 35 40 36 769 1217
pant_0_49 158 52 68 21 952 1227
pant_0_50 158 52 68 21 1020 1231
pant_1_131 158 50 68 21 682 1235
pant_4_78 170 38 42 34 476 1214
pant_4_97 171 39 42 34 809 1222
pant_6_85 174 30 34 42 1641 126
pant_4_106 170 38 43 33 854 559
pant_3_109 168 42 47 30 750 1253
pant_0_54 160 51 64 22 396 1235
pant_1_126 160 49 64 22 518 1226
pant_4_73 170 38 44 32 337 1250
pant_0_138 155 52 74 19 1088 1243
pant_1_140 155 50 74 19 582 1240
pant_1_141 155 50 74 19 656 1256
pant_1_139 155 50 74 19 851 1234
pant_1_146 153 50 78 18 925 1248
pant_1_178 153 49 78 18 1003 1252
pant_2_64 165 47 54 26 1268 1013
pant_5_79 172 34 39 36 276 1274
pant_5_81 171 34 39 36 203 1306
pant_5_88 173 35 39 36 155 1320
pant_5_91 172 35 39 36 111 1331
pant_5_96 171 35 39 36 60 1361
pant_5_97 171 35 39 36 0 1368
pant_5_95 171 35 39 36 851 1253
pant_5_94 172 35 39 36 797 1256
pant_1_62 164 49 56 25 1081 1262
pant_2_118 164 46 56 25 1228 1237
pant_5_89 172 35 40 35 1137 1262
pant_1_61 163 49 58 24 890 1266
pant_3_70 168 42 48 29 1284 1237
pant_3_69 168 42 48 29 836 1289
pant_0_139 156 52 73 19 1332 1249
pant_1_138 156 50 73 19 1405 1263
pant_0_52 159 52 66 21 1177 1263
pant_1_127 159 49 66 21 1243 1266
pant_2_65 165 47 53 26 948 1266
pant_4_74 170 38 43 32 1478 1280
pant_4_76 169 38 43 32 1521 1300
pant_4_102 171 38 43 32 884 1290
pant_4_105 170 38 43 32 1177 1284
pant_5_84 174 35 37 37 1564 1309
pant_0_135 156 52 72 19 1001 1270
pant_0_136 156 52 72 19 1309 1268
pant_0_137 156 52 72 19 1381 1282
pant_0_141 154 53 76 18 1601 1312
pant_1_136 156 50 72 19 460 1248
pant_1_137 156 50 72 19 381 1257
pant_5_87 174 35 38 36 1677 1312
pant_5_86 173 35 39 35 532 1248
pant_0_56 161 51 62 22 1073 1287
pant_0_57 161 51 62 22 1001 1289
pant_0_58 161 51 62 22 927 1292
pant_1_124 161 49 62 22 1601 1330
pant_0_5 152 54 80 17 571 1259
pant_0_129 158 52 68 20 453 1267
pant_0_130 158 52 68 20 381 1276
pant_0_131 158 52 68 20 1715 1324
pant_0_154 152 54 80 17 651 1275
pant_0_169 152 54 80 17 571 1276
pant_0_174 152 54 80 17 1063 1309
pant_0_175 152 54 80 17 449 1287
pant_1_130 158 50 68 20 989 1311
pant_0_60 162 51 59 23 927 1314
pant_4_82 171 39 41 33 529 1283
pant_4_98 171 39 41 33 315 1282
pant_4_99 171 39 41 33 731 1283
pant_2_66 166 47 52 26 772 1292
pant_2_67 166 47 52 26 1783 1325
pant_1_64 165 49 54 25 1715 1344
pant_1_65 165 48 54 25 242 1310
pant_0_126 160 51 64 21 651 1292
pant_0_125 160 51 64 21 570 1293
pant_1_63 164 49 56 24 356 1296
pant_2_117 164 47 56 24 296 1315
pant_4_96 171 39 42 32 1663 1348
pant_0_171 152 54 79 17 634 1313
pant_1_122 162 49 61 22 570 1314
pant_0_62 163 51 58 23 713 1316
pant_3_71 169 42 46 29 436 769
pant_3_107 168 43 46 29 242 1335
pant_0_140 155 53 74 18 631 1330
pant_5_92 172 35 37 36 412 1296
pant_0_132 157 52 70 19 449 1304
pant_0_134 157 52 70 19 150 1356
pant_1_134 157 50 70 19 1835 1329
pant_0_34 153 53 78 17 1905 1343
pant_0_33 153 53 78 17 771 1318
pant_0_32 153 53 78 17 849 1322
pant_0_147 153 53 78 17 771 1335
pant_0_148 153 53 78 17 449 1323
pant_0_146 153 53 78 17 352 1332
pant_1_0 153 49 78 17 527 1336
pant_2_115 166 47 53 25 288 1339
pant_0_59 162 51 60 22 705 1339
pant_0_127 159 52 66 20 1835 1348
pant_0_128 159 52 66 20 1769 1351
pant_1_121 162 49 60 22 1705 1369
pant_4_80 172 39 40 33 1042 1179
pant_4_95 172 39 40 33 99 1367
pant_4_101 171 39 40 33 39 1397
pant_6_84 175 30 33 40 1572 86
pant_3_108 168 43 47 28 430 1340
pant_0_12 151 54 82 16 341 1349
pant_0_17 151 54 82 16 1901 1360
pant_0_19 151 54 82 16 605 1348
pant_0_21 151 54 82 16 220 1364
pant_0_15 151 54 82 16 477 1353
pant_0_159 151 54 82 16 302 1365
pant_0_163 151 54 82 16 384 1368
pant_0_161 151 54 82 16 1765 1371
pant_0_165 151 54 82 16 1847 1376
pant_0_168 151 54 82 16 1765 1387
pant_4_77 171 38 41 32 559 1353
pant_4_100 170 39 41 32 1929 1376
pant_0_133 158 52 69 19 139 1375
pant_0_35 153 53 77 17 1847 1392
pant_0_145 154 53 77 17 466 1369
pant_3_106 169 43 45 29 1924 1408
pant_3_105 169 43 45 29 208 1380
pant_0_122 161 51 62 21 139 1394
pant_0_124 161 51 62 21 253 1381
pant_0_123 161 51 62 21 315 1381
pant_1_123 161 49 62 21 377 1384
pant_1_125 161 49 62 21 253 1402
pant_1_66 166 49 52 25 201 1409
pant_0_20 152 54 81 16 79 1415
pant_0_22 152 54 81 16 1220 1287
pant_0_13 151 54 81 16 1301 1301
pant_0_18 151 54 81 16 1220 1303
pant_0_160 151 54 81 16 1382 1301
pant_0_167 152 54 81 16 0 1431
pant_0_162 152 54 81 16 81 1431
pant_2_116 165 47 54 24 511 678
pant_5_82 174 34 36 36 162 1415
pant_5_83 174 35 35 37 1463 1312
pant_0_36 154 53 76 17 1143 1316
pant_0_37 154 53 76 17 1057 1326
pant_0_143 154 53 76 17 1498 1346
pant_0_144 154 53 76 17 1574 1352
pant_1_132 158 50 68 19 986 1331
pant_0_63 164 51 56 23 927 1337
pant_3_72 169 43 46 28 315 1402
pant_4_83 171 39 39 33 253 1423
pant_0_4 152 54 80 16 1301 1317
pant_0_28 152 54 80 16 1381 1317
pant_0_6 152 54 80 16 1219 1319
pant_0_26 152 54 80 16 1133 1333
pant_0_10 152 54 80 16 765 1352
pant_0_23 152 54 80 16 845 1352
pant_0_24 152 54 80 16 0 1447
pant_0_27 152 54 80 16 80 1447
pant_0_152 152 54 80 16 160 1451
pant_0_153 152 54 80 16 0 1463
pant_0_157 152 54 80 16 80 1463
pant_0_155 152 54 80 16 1299 1333
pant_0_170 152 54 80 16 1379 1333
pant_0_176 152 54 80 16 1213 1335
pant_4_90 171 39 40 32 687 1361
pant_4_94 172 39 40 32 1054 1343
pant_0_61 163 51 58 22 983 1350
pant_1_119 163 49 58 22 925 1360
pant_1_120 163 49 58 22 983 1372
pant_3_75 169 43 44 29 600 1364
pant_3_104 169 43 44 29 543 1385
pant_0_64 165 51 55 23 439 1386
pant_0_30 152 54 79 16 1094 1349
pant_0_29 152 54 79 16 361 1409
pant_0_9 153 54 79 16 440 1409
pant_0_7 152 54 79 16 727 1368
pant_0_150 153 54 79 16 806 1368
pant_0_151 153 54 79 16 885 1382
pant_0_156 153 54 79 16 727 1384
pant_0_173 153 54 79 16 806 1384
pant_0_121 162 51 60 21 587 1393
pant_1_69 167 49 50 25 647 1393
pant_2_111 167 47 50 25 519 1414
pant_0_1 153 54 78 16 569 1414
pant_0_31 153 54 78 16 361 1425
pant_0_2 153 54 78 16 439 1425
pant_0_67 166 51 52 24 1491 836
pant_0_149 153 54 78 16 1293 1349
pant_0_178 153 54 78 16 1173 1351
pant_0_179 153 54 78 16 1094 1365
pant_1_67 166 49 52 24 1041 1375
pant_2_113 166 47 52 24 292 1430
pant_2_114 166 47 52 24 964 1394
pant_4_81 173 39 39 32 1251 1351
pant_3_78 170 43 43 29 644 1364
pant_3_103 170 43 43 29 1172 1367
pant_3_102 170 43 43 29 1093 1381
pant_3_101 170 43 43 29 1016 1399
pant_1_115 165 49 54 23 885 1398
pant_2_71 169 47 46 27 939 1418
pant_0_120 163 51 59 21 1371 1349
pant_1_118 164 49 56 22 1430 1349
pant_1_117 164 49 56 22 1290 1365
pant_0_16 151 54 82 15 1346 1370
pant_0_164 151 54 82 15 1486 1363
pant_3_97 170 43 41 30 1428 1371
pant_2_110 167 47 49 25 1215 1383
pant_2_70 168 47 47 26 1136 1396
pant_4_84 172 39 37 33 1059 1410
pant_4_85 172 39 37 33 1096 1410
pant_0_118 163 51 58 21 985 1428
pant_0_119 163 51 58 21 1346 1385
pant_3_98 170 43 42 29 1264 1387
pant_4_87 173 39 38 32 1306 1387
pant_4_89 173 39 38 32 1183 1408
pant_4_92 172 39 38 32 1221 1408
pant_0_14 152 54 81 15 1568 1369
pant_0_166 151 54 81 15 1469 1378
pant_1_116 165 49 55 22 1649 1380
pant_4_79 173 39 39 31 1259 1416
pant_3_100 170 43 43 28 1133 1422
pant_0_11 152 54 80 15 1176 1440
pant_0_8 152 54 80 15 1043 1443
pant_0_158 152 54 80 15 1550 1384
pant_0_172 152 54 80 15 1469 1393
pant_1_68 167 49 50 24 75 454
pant_2_68 167 47 50 24 1123 1450
pant_2_69 167 47 50 24 1704 1391
pant_2_112 167 47 50 24 1404 1401
pant_3_96 170 43 40 30 781 488
pant_0_66 166 51 52 23 1344 1406
pant_3_99 170 43 41 29 1298 1419
pant_0_65 165 51 54 22 1754 1403
pant_3_74 170 43 44 27 1549 1399
pant_3_73 170 43 44 27 1593 1399
pant_4_86 172 39 36 33 1808 1403
pant_0_3 153 54 79 15 1844 1409
pant_0_177 152 54 79 15 1844 1424
pant_4_91 173 39 37 32 1256 1447
pant_4_93 172 39 37 32 1637 1402
pant_base_40 164 55 56 21 1923 1437
pant_base_38 164 55 56 21 1674 1415
pant_base_45 164 55 56 21 1730 1425
pant_base_46 164 55 56 21 1786 1436
pant_base_44 164 55 56 21 1842 1439
pant_base_47 164 55 56 21 1173 1455
pant_base_42 164 55 56 21 1454 1408
pant_base_50 164 55 56 21 1396 1425
pant_base_52 164 55 56 21 1339 1429
pant_base_48 164 55 56 21 1898 1458
pant_base_53 164 55 56 21 1510 1426
pant_base_54 164 55 56 21 1452 1429
pant_base_127 164 55 56 21 1395 1446
pant_base_126 164 55 56 21 1566 1426
pant_base_128 164 55 56 21 1293 1450
pant_base_130 164 55 56 21 1622 1436
pant_base_132 164 55 56 21 1678 1446
pant_base_134 164 55 56 21 1734 1457
pant_base_133 164 55 56 21 1790 1460
pant_base_136 164 55 56 21 1508 1447
pant_base_135 164 55 56 21 1451 1450
pant_base_142 164 55 56 21 1564 1447
pant_base_140 164 55 56 21 1620 1457
pant_base_138 164 55 56 21 1676 1467
pant_base_220 164 55 56 21 1732 1478
pant_base_218 164 55 56 21 1349 1467
pant_base_222 164 55 56 21 1293 1471
pant_base_225 164 55 56 21 1507 1468
pant_base_227 164 55 56 21 1563 1468
pant_base_226 164 55 56 21 1619 1478
pant_base_228 164 55 56 21 1675 1488
pant_base_224 164 55 56 21 1405 1471
pant_base_232 164 55 56 21 1349 1488
pant_base_230 164 55 56 21 1846 1479
pant_base_234 164 55 56 21 1788 1481
pant_base_306 164 55 56 21 1731 1499
pant_base_312 164 55 56 21 1902 1479
pant_base_308 164 55 56 21 1844 1500
pant_base_310 164 55 56 21 1787 1502
pant_base_313 164 55 56 21 1900 1500
pant_base_318 164 55 56 21 1843 1521
pant_base_314 164 55 56 21 1899 1521
pant_base_320 164 55 56 21 1461 1489
pant_base_322 164 55 56 21 1405 1492
pant_base_315 164 55 56 21 1517 1489
pant_base_317 164 55 56 21 1573 1499
pant_base_316 164 55 56 21 1629 1509
pant_0_116 164 51 56 21 1685 1520
pant_0_117 164 51 56 21 1741 1523
pant_2_109 168 47 47 25 1461 1510
pant_0_0 153 54 78 15 1508 1520
pant_3_77 170 43 43 27 1586 1520
pant_3_76 170 43 43 27 1956 1500
pant_3_80 171 43 40 29 1958 1458
pant_3_95 171 43 40 29 1955 1527
pant_5_93 172 35 33 35 1797 1523
pant_1_70 168 49 48 24 1629 1530
pant_0_69 167 51 50 23 1677 1541
pant_1_71 169 49 46 25 1727 1544
pant_1_111 167 49 50 23 1830 1542
pant_2_72 169 47 46 25 1773 1558
pant_2_106 168 47 46 25 1880 1542
pant_2_107 168 47 46 25 1819 1565
pant_1_113 166 49 52 22 1926 1556
pant_1_114 166 49 52 22 1865 1567
pant_2_73 170 47 44 26 1917 1578
pant_base_55 165 55 54 21 697 1400
pant_base_58 165 55 54 21 751 1400
pant_base_57 165 54 54 21 805 1400
pant_base_56 165 55 54 21 647 1421
pant_base_122 165 55 54 21 569 1430
pant_base_125 165 55 54 21 344 1441
pant_base_124 165 55 54 21 240 1456
pant_base_236 165 55 54 21 160 1467
pant_base_238 165 55 54 21 0 1479
pant_base_304 165 55 54 21 54 1479
pant_base_302 165 55 54 21 398 1441
pant_0_115 165 51 54 21 452 1441
pant_3_82 172 43 39 29 1961 1578
pant_3_83 172 43 39 29 294 1454
pant_2_108 168 47 47 24 517 1439
pant_1_110 167 49 49 23 494 1386
pant_2_74 169 47 45 25 108 1479
pant_2_102 169 47 45 25 1865 1589
pant_base_31 164 55 56 20 214 1477
pant_base_30 164 55 56 20 153 1488
pant_base_29 164 55 56 20 1910 1607
pant_base_28 164 55 56 20 0 1500
pant_base_32 164 55 56 20 56 1504
pant_base_33 164 55 56 20 0 1520
pant_base_36 164 55 56 20 333 1462
pant_base_35 164 55 56 20 389 1462
pant_base_39 164 55 56 20 445 1462
pant_base_37 164 55 56 20 701 1421
pant_base_34 164 55 56 20 757 1421
pant_base_41 164 55 56 20 813 1421
pant_base_43 164 55 56 20 869 1421
pant_base_49 164 55 56 20 701 1441
pant_base_51 164 55 56 20 623 1442
pant_base_129 164 55 56 20 564 1451
pant_base_131 164 55 56 20 501 1463
pant_base_139 164 55 56 20 333 1482
pant_base_143 164 55 56 20 270 1483
pant_base_141 164 55 56 20 209 1497
pant_base_145 164 55 56 20 112 1508
pant_base_144 164 55 56 20 56 1524
pant_base_148 164 55 56 20 0 1540
pant_base_137 164 55 56 20 389 1482
pant_base_150 164 55 56 20 445 1482
pant_base_147 164 55 56 20 757 1441
pant_base_146 164 55 56 20 813 1441
pant_base_149 164 55 56 20 869 1441
pant_base_151 164 55 56 20 925 1445
pant_base_152 164 55 56 20 981 1449
pant_base_207 164 55 56 20 1037 1458
pant_base_208 164 55 56 20 1093 1474
pant_base_210 164 55 56 20 1149 1476
pant_base_209 164 55 56 20 1205 1479
pant_base_213 164 55 56 20 1261 1492
pant_base_215 164 55 56 20 1317 1509
pant_base_212 164 55 56 20 1373 1513
pant_base_214 164 55 56 20 679 1461
pant_base_219 164 55 56 20 620 1462
pant_base_211 164 55 56 20 557 1471
pant_base_221 164 55 56 20 501 1483
pant_base_216 164 55 56 20 326 1502
pant_base_223 164 55 56 20 265 1503
pant_base_217 164 55 56 20 168 1517
pant_base_229 164 55 56 20 112 1528
pant_base_233 164 55 56 20 56 1544
pant_base_231 164 55 56 20 0 1560
pant_base_311 164 55 56 20 382 1502
pant_base_309 164 55 56 20 438 1502
pant_base_307 164 55 56 20 735 1461
pant_base_321 164 55 56 20 791 1461
pant_base_319 164 55 56 20 847 1461
pant_base_326 164 55 56 20 903 1465
pant_base_323 164 55 56 20 959 1469
pant_base_327 164 55 56 20 1015 1478
pant_base_330 164 55 56 20 1071 1494
pant_base_331 164 55 56 20 1127 1496
pant_base_325 164 55 56 20 1183 1499
pant_base_328 164 55 56 20 1239 1512
pant_base_329 164 55 56 20 1295 1529
pant_base_324 164 55 56 20 1351 1533
pant_base_332 164 55 56 20 1407 1535
pant_3_79 171 43 40 28 224 1517
pant_3_89 171 44 41 27 168 1537
pant_3_90 171 44 41 27 112 1548
pant_0_71 168 51 48 23 56 1564
pant_1_72 169 49 46 24 0 1580
pant_3_85 172 43 38 29 1463 1535
pant_base_27 165 55 55 20 1501 1535
pant_base_153 164 55 55 20 1556 1547
pant_base_333 165 55 55 20 1501 1555
pant_0_68 167 51 50 22 1611 1554
pant_1_73 170 49 44 25 1556 1567
pant_1_112 167 49 50 22 1661 1564
pant_2_75 169 47 44 25 1600 1576
pant_2_103 169 47 44 25 1711 1569
pant_2_101 170 47 44 25 1755 1583
pant_2_104 169 47 44 25 1799 1590
pant_2_105 169 47 44 25 1644 1586
pant_0_113 166 51 52 21 1688 1594
pant_0_114 166 51 52 21 1740 1608
pant_2_96 171 47 42 26 1843 1614
pant_2_97 171 47 42 26 1792 1615
pant_2_99 170 47 42 26 1885 1627
pant_3_81 172 43 39 28 1834 1640
pant_4_88 173 39 34 32 1543 802
pant_1_109 168 49 47 23 1927 1627
pant_1_108 168 49 47 23 1927 1650
pant_base_25 165 55 54 20 1873 1653
pant_base_26 165 55 54 20 676 1481
pant_base_24 165 55 54 20 613 1482
pant_base_60 165 55 54 20 557 1491
pant_base_61 165 55 54 20 494 1503
pant_base_59 165 55 54 20 730 1481
pant_base_120 165 55 54 20 784 1481
pant_base_121 165 55 54 20 838 1481
pant_base_119 165 55 54 20 892 1485
pant_base_123 165 55 54 20 946 1489
pant_base_156 165 55 54 20 1000 1498
pant_base_154 165 55 54 20 1054 1514
pant_base_155 165 55 54 20 1108 1516
pant_base_205 165 55 54 20 1162 1519
pant_base_204 165 55 54 20 1216 1532
pant_base_206 165 55 54 20 1270 1549
pant_base_237 165 55 54 20 1324 1553
pant_base_239 165 55 54 20 1378 1555
pant_base_235 165 55 54 20 1432 1564
pant_base_241 165 55 54 20 1486 1575
pant_base_240 165 55 54 20 1540 1592
pant_base_299 165 55 54 20 1594 1611
pant_base_300 165 55 54 20 1648 1615
pant_base_301 165 55 54 20 1702 1629
pant_base_303 165 55 54 20 1756 1641
pant_base_305 165 55 54 20 321 1522
pant_base_336 165 55 54 20 264 1523
pant_base_334 165 55 54 20 375 1522
pant_base_335 165 55 54 20 429 1522
pant_3_87 171 44 40 27 667 1501
pant_3_88 172 44 40 27 611 1502
pant_0_110 167 51 49 22 548 1511
pant_1_78 170 49 43 25 483 1523
pant_2_76 170 47 43 25 318 1542
pant_3_84 173 43 37 29 1963 418
pant_2_78 171 47 41 26 264 1543
pant_2_81 171 47 41 26 209 1545
pant_3_94 173 43 38 28 153 1564
pant_0_73 169 51 46 23 1871 874
pant_1_107 168 49 46 23 104 1575
pant_1_106 168 49 46 23 46 1587
pant_0_70 168 51 48 22 361 1542
pant_0_74 170 51 44 24 0 1604
pant_1_74 170 49 44 24 409 1542
pant_1_102 169 49 44 24 361 1564
pant_1_103 169 49 44 24 305 1567
pant_2_83 171 47 39 27 0 1404
pant_2_85 170 47 39 27 250 1569
pant_3_91 173 44 39 27 191 1571
pant_3_92 173 44 39 27 150 1592
pant_0_111 167 51 50 21 92 1598
pant_0_112 167 51 50 21 707 1501
pant_1_76 171 49 42 25 44 1610
pant_2_79 170 47 42 25 0 1628
pant_2_95 170 47 42 25 757 1501
pant_2_100 170 47 42 25 707 1522
pant_base_63 166 55 52 20 651 1528
pant_base_62 166 55 52 20 597 1529
pant_base_65 166 55 52 20 526 1533
pant_base_64 166 55 52 20 453 1548
pant_base_66 166 55 52 20 799 1501
pant_base_115 166 55 52 20 851 1505
pant_base_114 166 55 52 20 799 1521
pant_base_117 166 55 52 20 903 1509
pant_base_118 166 55 52 20 851 1525
pant_base_116 166 55 52 20 955 1518
pant_base_242 166 55 52 20 903 1529
pant_base_245 166 55 52 20 1007 1534
pant_base_244 166 55 52 20 955 1538
pant_base_246 166 55 52 20 749 1541
pant_base_243 166 55 52 20 649 1548
pant_base_295 166 55 52 20 578 1549
pant_base_294 166 55 52 20 505 1553
pant_base_297 166 55 52 20 405 1568
pant_base_296 166 55 52 20 801 1545
pant_base_298 166 55 52 20 701 1561
pant_1_80 171 48 40 26 753 1561
pant_1_105 169 49 45 23 457 1568
pant_1_75 170 49 43 24 1059 1534
pant_1_77 170 49 43 24 853 1545
pant_1_100 170 49 43 24 1007 1554
pant_1_99 170 49 43 24 896 1549
pant_base_23 165 56 54 19 302 806
pant_base_22 165 56 54 19 1102 1536
pant_base_21 165 56 54 19 1156 1539
pant_base_157 165 56 54 19 1102 1555
pant_base_159 165 56 54 19 1210 1552
pant_base_158 165 56 54 19 1156 1558
pant_base_201 165 56 54 19 793 1565
pant_base_203 165 56 54 19 1264 1569
pant_base_202 165 56 54 19 1210 1571
pant_base_339 165 56 54 19 1318 1573
pant_base_337 165 56 54 19 1264 1588
pant_base_338 165 56 54 19 1372 1575
pant_3_93 173 44 38 27 847 1569
pant_1_90 171 49 41 25 273 984
pant_2_77 171 47 41 25 1050 1558
pant_2_82 171 47 41 25 793 1584
pant_2_80 171 47 41 25 1318 1592
pant_2_98 171 47 41 25 1426 1584
pant_3_86 173 43 35 29 228 955
pant_2_91 172 47 39 26 1091 1574
pant_0_72 169 51 46 22 1359 1594
pant_0_107 168 51 46 22 939 1558
pant_1_104 169 49 44 23 885 1573
pant_0_109 168 51 48 21 985 1578
pant_base_68 167 55 50 20 929 1580
pant_base_67 167 55 50 20 1033 1583
pant_base_70 167 55 50 20 979 1599
pant_base_69 167 55 50 20 630 1568
pant_base_111 167 55 50 20 557 1569
pant_base_110 167 55 50 20 502 1573
pant_base_112 167 55 50 20 680 1581
pant_base_113 167 55 50 20 730 1587
pant_base_247 167 55 50 20 607 1588
pant_base_250 167 55 50 20 552 1589
pant_base_248 167 55 50 20 1467 1595
pant_base_249 167 55 50 20 1405 1609
pant_base_292 167 55 50 20 657 1601
pant_base_293 167 55 50 20 602 1608
pant_base_291 167 55 50 20 1517 1612
pant_base_290 167 55 50 20 1455 1615
pant_1_85 172 49 40 25 1359 1616
pant_2_89 171 47 40 25 1399 1629
pant_2_87 171 47 40 25 1130 1577
pant_2_94 172 47 40 25 1170 1577
pant_0_76 170 51 43 23 1866 1163
pant_1_101 170 49 43 23 1083 1600
pant_base_18 166 56 52 19 1846 1460
pant_base_20 166 56 52 19 1210 1590
pant_base_19 166 56 52 19 1029 1603
pant_base_17 166 56 52 19 1262 1607
pant_base_162 166 56 52 19 1567 1631
pant_base_161 166 56 52 19 1505 1632
pant_base_163 166 56 52 19 1439 1635
pant_base_160 166 56 52 19 1619 1635
pant_base_197 166 56 52 19 1557 1650
pant_base_200 166 56 52 19 1491 1651
pant_base_198 166 56 52 19 1126 1602
pant_base_199 166 56 52 19 1178 1609
pant_base_340 166 56 52 19 1126 1621
pant_base_341 166 56 52 19 1671 1649
pant_base_342 166 56 52 19 1609 1654
pant_base_343 166 56 52 19 1543 1669
pant_0_108 168 51 47 21 707 1607
pant_base_71 167 55 49 20 652 1621
pant_base_109 168 55 49 20 834 1596
pant_base_251 167 55 49 20 754 1609
pant_base_289 168 55 49 20 701 1628
pant_1_81 172 49 39 25 1314 1617
pant_1_83 172 49 39 25 883 1596
pant_2_90 172 47 39 25 1353 1641
pant_0_102 169 51 44 22 1255 652
pant_0_103 169 51 44 22 922 1600
pant_0_81 170 51 42 23 966 1619
pant_0_78 170 51 42 23 1008 1622
pant_0_106 168 51 46 21 1050 1623
pant_1_79 171 49 42 23 803 1616
pant_2_93 172 47 37 26 845 1616
pant_base_73 168 55 48 20 750 1629
pant_base_72 168 55 48 20 882 1622
pant_base_74 168 55 48 20 1230 1626
pant_base_107 168 55 48 20 1178 1628
pant_base_106 168 55 48 20 1278 1642
pant_base_108 168 55 48 20 1226 1646
pant_base_254 168 55 48 20 1274 1662
pant_base_253 168 55 48 20 1096 1640
pant_base_252 168 55 48 20 1144 1648
pant_base_286 168 55 48 20 1192 1666
pant_base_287 168 55 48 20 1392 1654
pant_base_288 168 55 48 20 1440 1654
pant_1_88 172 49 40 24 1050 1644
pant_1_93 171 49 38 25 798 1639
pant_2_92 172 47 38 25 1090 1660
pant_0_75 170 51 43 22 1488 1670
pant_0_105 169 51 45 21 1128 1668
pant_0_85 170 51 41 23 1322 1666
pant_0_91 171 51 41 23 1240 1682
pant_0_93 171 51 41 23 1281 1682
pant_1_89 171 49 41 23 1173 1686
pant_1_98 171 49 41 23 349 1588
pant_base_75 169 55 47 20 289 1591
pant_base_105 168 55 47 20 230 1596
pant_base_256 169 55 47 20 390 1588
pant_base_255 169 55 47 20 437 1591
pant_base_285 168 55 47 20 390 1608
pant_base_16 166 56 52 18 48 884
pant_base_164 166 56 52 18 484 1593
pant_base_196 166 56 52 18 536 1609
pant_base_344 166 56 52 18 437 1611
pant_1_86 173 49 39 24 189 1598
pant_1_91 171 49 39 24 489 1611
pant_1_96 171 49 39 24 528 1627
pant_1_97 171 49 39 24 567 1628
pant_2_88 172 47 36 26 930 1622
pant_2_86 172 47 36 26 966 1642
pant_2_84 172 47 37 25 606 1628
pant_0_77 170 51 42 22 1002 1645
pant_0_94 171 51 42 22 1002 1667
pant_0_99 170 51 42 22 1044 1668
pant_0_100 170 51 42 22 1086 1685
pant_0_104 169 51 44 21 1128 1689
pant_base_76 169 55 46 20 643 1641
pant_base_78 169 55 46 20 689 1648
pant_base_102 169 55 46 20 735 1649
pant_base_104 169 55 46 20 836 1642
pant_base_258 169 55 46 20 882 1642
pant_base_282 169 55 46 20 86 1619
pant_base_283 169 55 46 20 132 1619
pant_base_284 169 55 46 20 1723 1661
pant_0_80 171 51 40 23 42 1635
pant_0_90 171 51 40 23 0 1653
pant_1_87 172 49 40 23 1661 1668
pant_1_95 171 49 40 23 1769 1661
pant_base_15 167 56 51 18 1681 1255
pant_base_165 166 56 51 18 1809 1668
pant_base_195 166 56 51 18 1595 1673
pant_base_345 167 56 51 18 1531 1688
pant_0_101 170 51 43 21 1701 1681
pant_0_96 170 51 41 22 1744 1684
pant_base_11 167 56 50 18 277 1611
pant_base_13 167 56 50 18 327 1611
pant_base_12 167 56 50 18 377 1628
pant_base_14 167 56 50 18 427 1629
pant_base_166 167 56 50 18 477 1635
pant_base_167 167 56 50 18 527 1652
pant_base_168 167 56 50 18 577 1653
pant_base_169 167 56 50 18 627 1661
pant_base_191 167 56 50 18 677 1668
pant_base_194 167 56 50 18 178 1622
pant_base_192 167 56 50 18 82 1639
pant_base_193 167 56 50 18 1582 1691
pant_base_349 167 56 50 18 1632 1691
pant_base_346 167 56 50 18 1682 1702
pant_base_348 167 56 50 18 1363 1674
pant_base_347 167 56 50 18 1413 1674
pant_0_86 170 51 39 23 1322 1689
pant_1_82 172 49 39 23 132 1639
pant_1_84 172 49 39 23 228 1616
pant_1_92 172 49 39 23 82 1657
pant_1_94 171 49 37 24 928 1648
pant_0_79 170 51 42 21 40 1658
pant_0_97 170 51 40 22 0 1676
pant_base_77 169 55 46 19 836 1662
pant_base_103 169 55 46 19 882 1662
pant_base_257 169 55 46 19 781 1664
pant_0_83 173 51 38 23 40 1679
pant_0_88 170 51 38 23 0 1698
pant_base_8 168 56 48 18 727 1669
pant_base_10 168 56 48 18 928 1672
pant_base_170 168 56 48 18 976 1689
pant_base_190 168 56 48 18 1024 1690
pant_base_350 168 56 48 18 1072 1707
pant_0_82 171 51 41 21 827 1681
pant_0_89 171 51 41 21 775 1683
pant_0_98 170 51 41 21 868 1681
pant_0_92 172 51 40 21 909 1690
pant_base_79 170 55 44 19 949 1707
pant_base_80 170 56 44 19 993 1708
pant_base_101 170 55 44 19 816 1702
pant_base_100 170 56 44 19 860 1702
pant_base_260 170 56 44 19 904 1711
pant_base_259 170 55 44 19 948 1726
pant_base_281 170 55 44 19 1214 1705
pant_base_280 170 56 44 19 1258 1705
pant_base_9 168 57 48 17 995 1060
pant_base_7 168 57 48 17 198 1434
pant_base_171 168 57 48 17 1120 1710
pant_base_173 168 57 48 17 1037 1725
pant_base_172 168 57 48 17 267 1629
pant_base_188 168 57 48 17 315 1629
pant_base_187 168 57 48 17 171 1640
pant_base_189 168 57 48 17 219 1640
pant_base_352 168 57 48 17 1860 1673
pant_base_351 168 57 48 17 1785 1686
pant_base_353 168 57 48 17 1908 1673
pant_0_95 170 52 40 20 527 1316
pant_0_84 173 51 38 21 1172 1709
pant_base_81 170 56 44 18 1461 1471
pant_base_98 170 56 44 18 1956 1673
pant_base_99 170 56 44 18 992 1727
pant_base_262 170 56 44 18 1085 1727
pant_base_261 170 56 44 18 1036 1742
pant_base_279 170 56 44 18 1833 1690
pant_base_4 169 57 46 17 1349 1450
pant_base_5 169 57 46 17 1785 1703
pant_base_6 169 57 46 17 1732 1706
pant_base_176 169 57 46 17 1877 1690
pant_base_175 169 57 46 17 1923 1691
pant_base_174 169 57 46 17 1877 1707
pant_base_184 169 57 46 17 1831 1708
pant_base_185 169 57 46 17 1778 1720
pant_base_186 169 57 46 17 1923 1708
pant_base_355 169 57 46 17 1877 1724
pant_base_354 169 57 46 17 1824 1725
pant_base_356 169 57 46 17 1923 1725
pant_0_87 172 51 37 21 1218 681
pant_base_82 170 56 43 18 1129 1727
pant_base_83 170 56 43 18 1870 1741
pant_base_277 171 56 43 18 1913 1742
pant_base_278 171 56 43 18 1956 1742
pant_base_84 171 56 42 18 1093 979
pant_base_85 171 56 42 18 267 1646
pant_base_96 171 56 42 18 171 1657
pant_base_95 171 56 42 18 121 1662
pant_base_97 171 56 42 18 213 1657
pant_base_265 171 56 42 18 309 1646
pant_base_264 171 56 42 18 351 1646
pant_base_263 171 56 42 18 393 1647
pant_base_276 171 56 42 18 435 1647
pant_base_275 171 56 42 18 477 1653
pant_base_94 171 56 41 18 519 1670
pant_base_266 172 56 41 18 560 1671
pant_base_87 172 56 40 18 138 978
pant_base_93 172 56 40 18 543 1169
pant_base_177 170 57 45 16 1044 1040
pant_base_267 172 56 40 18 601 1679
pant_base_273 172 56 40 18 641 1686
pant_base_1 170 57 44 16 239 1101
pant_base_2 170 57 44 16 934 1156
pant_base_3 170 57 44 16 1007 1518
pant_base_0 170 57 44 16 681 1686
pant_base_178 170 57 44 16 725 1687
pant_base_180 170 57 44 16 681 1702
pant_base_181 170 57 44 16 725 1703
pant_base_182 170 57 44 16 769 1704
pant_base_179 170 57 44 16 255 1664
pant_base_183 170 57 44 16 163 1675
pant_base_358 170 57 44 16 207 1675
pant_base_359 170 57 44 16 78 1680
pant_base_357 170 57 44 16 299 1664
pant_base_88 173 56 39 18 0 1263
pant_base_92 172 56 39 18 1510 1408
pant_base_272 172 56 39 18 122 1680
pant_base_268 173 56 39 18 78 1696
pant_base_89 173 56 38 18 38 1702
pant_base_91 173 56 38 18 343 1664
pant_base_90 173 56 38 18 251 1680
pant_base_269 173 56 38 18 289 1680
pant_base_270 173 56 38 18 161 1691
pant_base_271 173 56 38 18 117 1698
pant_base_86 172 56 40 17 76 1714
pant_base_274 172 56 40 17 199 1691
