light_l_85 221 151 9 10 0 0
light_r_73 218 150 9 10 0 10
light_r_74 215 150 9 10 0 20
light_r_100 140 149 9 10 0 30
light_r_111 110 147 10 9 0 40
light_t_114 123 102 8 11 9 0
light_r_178 24 104 7 12 9 11
light_l_94 195 152 9 9 9 23
light_l_97 186 152 9 9 16 11
light_l_95 192 152 9 9 17 0
light_l_98 183 152 9 9 0 49
light_l_96 189 152 9 9 0 58
light_l_107 157 152 9 9 0 67
light_r_72 221 151 9 9 0 76
light_r_95 154 151 9 9 0 85
light_t_74 232 106 9 9 0 94
light_t_78 221 107 9 9 0 103
light_t_101 157 107 9 9 0 112
light_t_102 154 107 9 9 0 121
light_t_111 130 105 9 9 0 130
light_t_125 96 100 9 9 0 139
light_l_83 227 151 10 8 9 32
light_r_114 103 146 10 8 18 20
light_r_118 93 143 8 10 25 9
light_t_65 256 102 8 10 0 148
light_t_66 254 102 7 11 0 158
light_l_2 354 102 6 12 7 158
light_l_57 295 142 8 9 26 0
light_l_64 279 145 8 9 8 148
light_l_69 266 147 8 9 13 157
light_l_72 258 148 8 9 9 49
light_l_71 260 148 9 8 10 40
light_l_74 252 149 9 8 9 58
light_l_78 241 150 9 8 17 48
light_l_80 236 150 8 9 19 28
light_l_79 238 150 9 8 19 37
light_l_84 224 151 9 8 27 28
light_l_86 218 152 9 8 28 19
light_l_90 207 152 9 8 33 9
light_l_91 204 152 9 8 34 0
light_l_92 201 152 9 8 9 66
light_l_93 198 152 9 8 9 74
light_l_99 181 152 8 9 9 82
light_l_100 178 152 8 9 9 91
light_l_104 166 152 9 8 9 100
light_l_109 152 151 8 9 17 82
light_l_105 163 152 9 8 17 91
light_l_106 160 152 9 8 18 56
light_l_108 155 151 8 9 26 45
light_l_113 140 150 8 9 28 36
light_l_117 129 149 8 9 18 64
light_l_114 138 150 8 9 18 73
light_l_122 116 148 8 9 25 82
light_l_125 108 147 8 9 26 64
light_r_67 236 150 8 9 26 73
light_r_84 186 152 9 8 27 54
light_r_83 189 152 9 8 34 45
light_r_82 192 152 9 8 36 27
light_r_81 195 152 9 8 37 17
light_r_87 177 152 9 8 42 8
light_r_85 183 152 9 8 43 0
light_r_86 180 152 9 8 36 35
light_r_89 171 152 9 8 9 108
light_r_88 174 152 9 8 9 116
light_r_94 157 152 9 8 9 124
light_r_97 148 151 9 8 9 132
light_r_96 151 151 9 8 9 140
light_r_98 146 151 9 8 16 148
light_r_102 134 150 9 8 21 156
light_r_101 137 150 9 8 21 164
light_r_105 126 149 9 8 18 99
light_r_106 123 149 9 8 26 91
light_r_108 118 148 8 9 33 82
light_r_109 115 148 9 8 34 62
light_r_115 100 146 8 9 36 53
light_r_116 98 145 8 9 43 43
light_r_123 81 142 8 9 34 70
light_r_135 57 136 9 8 45 25
light_t_63 261 103 8 9 46 16
light_t_69 246 105 8 9 45 33
light_t_71 240 106 9 8 51 8
light_t_73 235 106 8 9 18 107
light_t_82 210 108 9 8 52 0
light_t_79 219 107 8 9 18 116
light_t_80 216 107 8 9 18 125
light_t_81 213 108 9 8 18 134
light_t_83 207 108 9 8 25 142
light_t_86 199 108 9 8 30 150
light_t_88 193 108 9 8 30 158
light_t_87 196 108 9 8 26 107
light_t_92 182 108 9 8 27 99
light_t_96 171 108 9 8 35 91
light_t_91 185 108 9 8 41 79
light_t_93 179 108 9 8 42 70
light_t_98 165 108 9 8 43 62
light_t_97 168 108 9 8 44 52
light_t_99 162 108 9 8 51 42
light_t_100 160 107 8 9 53 33
light_t_106 144 106 8 9 54 16
light_t_105 146 107 9 8 60 8
light_t_107 141 106 8 9 26 115
light_t_108 138 106 9 8 61 0
light_t_112 128 105 8 9 26 124
light_t_117 115 103 8 9 27 133
light_t_115 120 104 8 9 34 115
light_t_121 105 102 8 9 34 124
light_r_122 84 141 7 10 36 99
light_l_60 288 144 8 8 54 25
light_l_63 281 145 8 8 34 142
light_l_65 276 146 8 8 35 133
light_l_66 273 146 8 8 39 150
light_l_68 268 147 8 8 42 141
light_l_62 283 145 8 8 39 158
light_l_70 263 148 8 8 42 109
light_l_67 271 147 8 8 43 99
light_l_73 255 149 8 8 44 87
light_l_76 247 150 8 8 50 78
light_l_75 250 149 8 8 51 70
light_l_77 244 150 8 8 52 60
light_l_81 233 151 8 8 53 50
light_l_82 230 151 8 8 60 42
light_l_87 216 152 8 8 61 33
light_l_88 213 152 8 8 42 117
light_l_89 210 152 8 8 42 125
light_l_103 169 152 8 8 43 133
light_l_101 175 152 8 8 62 16
light_l_102 172 152 8 8 69 8
light_l_111 146 151 8 8 70 0
light_l_110 149 151 8 8 62 24
light_l_112 143 151 8 8 47 149
light_l_116 132 150 8 8 50 141
light_l_115 135 150 8 8 47 157
light_l_119 124 149 8 8 47 165
light_l_120 121 149 8 8 55 149
light_l_123 113 148 8 8 55 157
light_r_58 260 148 8 8 55 165
light_r_60 255 149 8 8 50 107
light_r_55 268 147 8 8 51 95
light_r_63 247 150 8 8 52 86
light_r_61 252 149 8 8 58 78
light_r_65 241 150 8 8 59 68
light_r_66 238 150 8 8 60 58
light_r_70 227 151 8 8 61 50
light_r_64 244 150 8 8 68 41
light_r_69 230 151 8 8 69 32
light_r_68 233 151 8 8 70 16
light_r_71 224 151 8 8 77 8
light_r_76 210 152 8 8 78 0
light_r_75 213 152 8 8 70 24
light_r_77 207 152 8 8 50 115
light_r_78 204 152 8 8 50 123
light_r_79 201 152 8 8 51 131
light_r_80 198 152 8 8 58 139
light_r_90 169 152 8 8 63 147
light_r_91 166 152 8 8 63 155
light_r_92 163 152 8 8 63 163
light_r_93 160 152 8 8 58 103
light_r_99 143 151 8 8 59 94
light_r_103 132 150 8 8 60 86
light_r_104 129 150 8 8 66 76
light_r_107 121 149 8 8 67 66
light_r_110 113 148 8 8 68 58
light_r_112 108 147 8 8 69 49
light_r_120 88 144 8 8 76 40
light_r_117 95 145 8 8 77 32
light_r_113 105 147 8 8 78 16
light_r_140 49 133 8 8 85 8
light_t_56 278 101 8 8 86 0
light_t_61 266 103 8 8 78 24
light_t_64 259 104 8 8 58 111
light_t_59 271 102 8 8 58 119
light_t_67 251 105 8 8 59 127
light_t_68 248 105 8 8 66 135
light_t_70 243 106 8 8 66 102
light_t_72 238 106 8 8 67 94
light_t_77 224 107 8 8 68 84
light_t_75 230 107 8 8 74 74
light_t_76 227 107 8 8 75 66
light_t_85 202 108 8 8 76 57
light_t_84 205 108 8 8 77 48
light_t_90 188 108 8 8 84 40
light_t_89 191 108 8 8 85 32
light_t_94 177 108 8 8 86 16
light_t_95 174 108 8 8 93 8
light_t_104 149 107 8 8 94 0
light_t_103 152 107 8 8 86 24
light_t_109 136 106 8 8 66 110
light_t_110 133 106 8 8 66 118
light_t_116 118 104 8 8 67 126
light_t_119 110 103 8 8 74 102
light_t_113 125 105 8 8 75 92
light_t_122 103 102 8 8 76 82
light_t_124 98 101 8 8 82 74
light_l_44 322 135 7 9 83 65
light_l_53 304 140 7 9 84 56
light_l_55 300 141 7 9 74 110
light_l_59 291 143 7 9 71 143
light_l_118 127 149 7 9 74 134
light_l_121 119 148 7 9 75 119
light_l_129 98 145 7 9 81 110
light_l_124 111 147 7 9 82 100
light_l_127 103 146 7 9 83 90
light_l_130 96 145 7 9 71 152
light_l_132 91 144 7 9 71 161
light_r_53 274 146 7 9 78 143
light_r_56 266 147 7 9 81 128
light_r_59 258 148 7 9 82 119
light_r_62 250 149 7 9 88 109
light_r_121 86 143 7 9 89 99
light_r_119 91 144 7 9 78 152
light_r_125 77 141 7 9 78 161
light_r_127 73 140 7 9 90 65
light_r_129 69 139 7 9 91 48
light_r_134 59 136 7 9 93 32
light_r_145 42 129 7 9 94 16
light_t_50 292 98 7 9 90 74
light_t_48 296 97 7 9 90 83
light_t_52 288 99 7 9 85 137
light_t_57 276 101 7 9 88 128
light_t_62 264 103 7 9 89 118
light_t_60 269 102 7 9 95 108
light_t_118 113 103 7 9 96 92
light_t_120 108 102 7 9 85 146
light_t_123 101 101 7 9 85 155
light_t_126 94 100 7 9 85 164
light_t_128 90 99 7 9 97 57
light_t_132 81 97 7 9 98 41
light_t_130 85 98 7 9 100 25
light_t_134 77 96 7 9 101 8
light_l_8 355 109 6 10 97 66
light_l_45 320 136 7 8 102 0
light_l_52 306 140 7 8 101 17
light_l_54 302 141 7 8 97 76
light_l_56 298 142 7 8 97 84
light_l_58 293 143 7 8 103 66
light_l_61 286 144 7 8 104 50
light_l_126 106 147 7 8 104 58
light_l_128 101 146 7 8 105 34
light_l_135 84 143 7 8 105 42
light_r_48 286 144 7 8 107 25
light_r_45 293 143 7 8 108 8
light_r_50 281 145 7 8 109 0
light_r_52 276 146 7 8 108 16
light_r_54 271 147 7 8 92 137
light_r_57 263 148 7 8 95 127
light_r_126 75 141 7 8 96 117
light_r_124 79 142 7 8 102 101
light_r_128 71 140 7 8 102 109
light_t_49 294 98 7 8 103 92
light_t_51 290 99 7 8 104 74
light_t_55 281 101 7 8 110 66
light_t_53 285 100 7 8 104 82
light_t_54 283 100 7 8 111 50
light_t_58 274 102 7 8 111 58
light_t_129 87 99 7 8 112 33
light_t_127 92 100 7 8 114 24
light_t_131 83 98 7 8 112 41
light_t_133 79 97 7 8 115 8
light_l_46 319 136 6 9 92 145
light_l_134 87 143 6 9 92 154
light_l_136 82 142 6 9 92 163
light_l_138 78 141 6 9 98 145
light_r_42 300 141 6 9 99 135
light_r_46 291 143 6 9 102 125
light_r_47 289 143 6 9 98 154
light_r_44 296 142 6 9 98 163
light_r_51 279 145 6 9 104 144
light_r_131 65 138 6 9 105 134
light_r_132 63 137 6 9 108 117
light_r_136 56 135 6 9 109 100
light_r_141 47 132 6 9 110 90
light_t_40 312 93 6 9 111 74
light_t_44 305 95 6 9 104 153
light_t_42 309 94 6 9 104 162
light_t_46 301 96 6 9 110 143
light_t_136 73 95 6 9 111 126
light_t_140 66 93 6 9 114 109
light_t_142 62 92 6 9 115 99
light_l_30 343 126 5 10 116 83
light_l_3 355 105 5 10 117 66
light_r_169 24 111 5 10 118 49
light_r_173 24 109 5 10 119 32
light_r_177 24 105 5 10 121 16
light_t_165 35 77 5 10 122 0
light_l_40 329 133 6 8 116 0
light_l_43 324 135 6 8 115 16
light_l_42 326 134 6 8 114 118
light_l_48 315 138 6 8 111 135
light_l_47 317 137 6 8 91 57
light_l_49 313 138 6 8 85 48
light_l_50 311 139 6 8 84 82
light_l_51 309 139 6 8 110 152
light_l_131 94 145 6 8 110 160
light_l_133 89 144 6 8 116 143
light_l_137 80 142 6 8 117 126
light_l_139 76 141 6 8 117 134
light_r_41 303 141 6 8 120 108
light_r_43 298 142 6 8 120 116
light_r_49 284 145 6 8 116 151
light_r_130 67 139 6 8 116 159
light_r_137 54 135 6 8 122 142
light_r_133 61 137 6 8 123 124
light_r_138 52 134 6 8 123 132
light_t_38 316 92 6 8 122 150
light_t_39 314 93 6 8 122 158
light_t_43 307 95 6 8 121 76
light_t_45 303 96 6 8 122 59
light_t_47 299 97 6 8 122 67
light_t_139 68 94 6 8 123 42
light_t_135 75 96 6 8 123 50
light_t_137 71 95 6 8 124 26
light_t_141 64 93 6 8 124 34
light_l_35 337 129 5 9 126 10
light_l_32 341 127 5 9 127 0
light_l_41 328 133 5 9 121 84
light_l_38 333 131 5 9 121 93
light_l_140 74 140 5 9 128 140
light_l_144 66 138 5 9 128 149
light_l_142 70 139 5 9 128 158
light_l_146 62 137 5 9 126 84
light_l_145 64 137 5 9 127 75
light_l_147 60 136 5 9 128 58
light_r_33 319 136 5 9 129 42
light_r_38 309 139 5 9 130 19
light_r_40 305 140 5 9 131 9
light_r_139 51 133 5 9 132 0
light_r_142 46 131 5 9 130 28
light_r_144 43 130 5 9 126 93
light_r_148 38 127 5 9 126 102
light_r_147 39 128 5 9 126 111
light_r_170 24 111 5 9 129 120
light_t_30 329 87 5 9 129 129
light_t_32 326 88 5 9 133 138
light_t_35 321 90 5 9 133 147
light_t_37 318 91 5 9 133 156
light_t_138 70 94 5 9 131 84
light_t_144 59 91 5 9 132 67
light_t_143 61 91 5 9 133 51
light_t_145 58 90 5 9 134 37
light_t_148 53 88 5 9 135 18
light_t_147 55 89 5 9 136 9
light_t_150 50 87 5 9 137 0
light_l_9 355 111 5 8 132 76
light_l_33 340 128 5 8 109 109
light_l_12 355 113 5 8 103 117
light_l_37 334 131 5 8 133 165
light_l_39 331 132 5 8 135 27
light_l_36 336 130 5 8 131 93
light_l_141 72 140 5 8 131 101
light_l_143 68 139 5 8 131 109
light_l_148 58 136 5 8 134 117
light_r_34 317 137 5 8 134 125
light_r_32 321 136 5 8 136 84
light_r_36 313 138 5 8 137 60
light_r_35 315 138 5 8 138 46
light_r_37 311 139 5 8 139 35
light_r_39 307 140 5 8 137 68
light_r_143 45 131 5 8 137 76
light_r_146 40 129 5 8 140 18
light_r_171 24 111 5 8 141 9
light_r_172 24 110 5 8 142 0
light_t_34 323 90 5 8 140 26
light_t_29 331 85 4 10 136 92
light_t_36 320 91 5 8 136 102
light_t_41 311 94 5 8 140 92
light_t_146 56 90 5 8 141 84
light_l_29 345 125 4 9 142 54
light_l_22 352 120 4 9 143 43
light_l_152 52 133 4 9 144 34
light_l_149 57 135 4 9 145 17
light_l_151 53 134 4 9 146 8
light_l_155 47 131 4 9 142 63
light_l_157 44 130 4 9 142 72
light_r_23 336 130 4 9 150 0
light_r_28 328 133 4 9 154 0
light_r_25 333 131 4 9 158 0
light_r_31 323 135 4 9 162 0
light_r_151 35 125 4 9 166 0
light_r_154 32 123 4 9 150 9
light_r_155 31 122 4 9 154 9
light_r_158 28 120 4 9 158 9
light_t_27 333 85 4 9 162 9
light_t_24 337 83 4 9 166 9
light_t_33 325 89 4 9 149 18
light_t_151 49 86 4 9 153 18
light_t_152 48 86 4 9 157 18
light_t_155 44 84 4 9 161 18
light_t_153 47 85 4 9 165 18
light_t_156 43 83 4 9 169 18
light_t_158 41 82 4 9 148 27
light_l_10 355 113 5 7 136 110
light_l_27 347 124 4 8 128 67
light_l_21 353 120 4 8 152 27
light_l_23 351 121 4 8 156 27
light_l_34 339 129 4 8 160 27
light_l_31 343 127 4 8 164 27
light_l_24 350 122 4 8 168 27
light_l_28 346 125 4 8 152 35
light_l_26 348 123 4 8 148 36
light_l_153 50 133 4 8 156 35
light_l_150 55 135 4 8 160 35
light_l_154 48 132 4 8 164 35
light_l_159 41 129 4 8 168 35
light_r_21 339 129 4 8 152 43
light_r_29 327 134 4 8 147 44
light_r_26 332 132 4 8 156 43
light_r_27 330 133 4 8 160 43
light_r_30 325 135 4 8 164 43
light_r_149 37 127 4 8 168 43
light_r_150 36 126 4 8 151 51
light_r_153 33 124 4 8 146 52
light_r_152 34 125 4 8 155 51
light_r_157 29 121 4 8 159 51
light_r_156 30 122 4 8 163 51
light_t_23 338 83 4 8 167 51
light_t_26 335 85 4 8 150 59
light_t_25 336 84 4 8 146 60
light_t_28 332 86 4 8 154 59
light_t_31 328 88 4 8 158 59
light_t_149 52 88 4 8 162 59
light_t_154 45 85 4 8 166 59
light_t_157 42 83 4 8 150 67
light_r_168 24 115 5 6 121 102
light_l_1 354 104 3 9 170 0
light_l_160 40 128 3 9 170 9
light_r_161 26 118 3 9 170 59
light_r_164 25 116 3 9 146 68
light_r_179 27 104 3 9 154 67
light_t_21 341 81 3 9 149 75
light_t_159 40 81 3 9 146 77
light_t_164 36 78 3 9 157 67
light_t_161 38 80 3 9 160 67
light_l_11 355 115 5 5 134 133
light_l_18 355 118 3 8 147 0
light_l_25 350 123 3 8 145 26
light_l_20 354 119 3 8 108 126
light_l_156 46 131 3 8 163 67
light_l_158 43 130 3 8 166 67
light_l_161 39 128 3 8 169 68
light_l_162 38 127 3 8 163 75
light_r_13 349 123 3 8 166 75
light_r_18 343 127 3 8 169 76
light_r_19 342 128 3 8 152 76
light_r_22 338 130 3 8 155 76
light_r_24 335 131 3 8 158 76
light_r_20 341 128 3 8 161 83
light_r_159 28 120 3 8 164 83
light_r_162 26 118 3 8 167 84
light_r_163 25 117 3 8 170 84
light_r_160 27 119 3 8 149 84
light_t_15 346 77 3 8 146 86
light_t_19 343 80 3 8 152 84
light_t_22 340 82 3 8 155 84
light_t_20 342 81 3 8 158 84
light_t_160 39 81 3 8 161 91
light_l_0 354 103 2 10 164 91
light_l_4 355 106 2 10 166 92
light_l_7 355 109 2 10 168 92
light_l_6 355 108 2 10 170 92
light_r_175 27 106 2 10 149 92
light_r_174 27 108 2 10 145 94
light_r_176 27 106 2 10 147 94
signal_r_115 103 151 5 4 116 93
light_l_5 355 107 2 9 141 100
light_l_164 36 125 2 9 143 100
light_l_167 33 123 2 9 151 92
light_l_163 37 126 2 9 153 92
light_r_10 352 121 2 9 155 92
light_r_16 346 125 2 9 157 92
light_r_17 345 126 2 9 159 92
light_t_14 347 76 2 9 161 99
light_t_18 344 79 2 9 163 101
light_t_166 35 76 2 9 165 102
light_t_162 38 79 2 9 167 102
light_l_17 356 117 2 8 171 51
light_l_14 358 115 2 8 169 102
light_l_15 357 115 2 8 171 102
light_l_13 358 114 2 8 169 110
light_l_16 357 116 2 8 171 110
light_l_19 355 118 2 8 151 101
light_l_166 34 124 2 8 149 102
light_l_165 35 125 2 8 145 104
light_l_168 32 122 2 8 147 104
light_l_170 30 121 2 8 141 109
light_r_15 347 125 2 8 143 109
light_r_14 348 124 2 8 153 101
light_r_165 25 115 2 8 155 101
light_r_167 24 114 2 8 157 101
light_r_166 24 115 2 8 159 101
light_t_11 349 75 2 8 161 108
light_t_13 348 76 2 8 163 110
light_t_16 346 78 2 8 165 111
light_t_17 345 79 2 8 167 111
light_t_163 37 79 2 8 169 118
light_t_167 34 76 2 8 171 118
light_t_169 33 75 2 8 151 109
light_t_168 34 75 2 8 149 110
signal_l_85 224 157 4 4 145 112
light_l_171 29 122 2 7 161 76
light_l_169 31 122 2 7 133 60
light_r_12 350 123 2 7 135 60
light_r_9 353 122 2 7 129 51
light_r_11 351 122 2 7 131 51
light_t_9 350 74 2 7 126 19
light_t_171 32 74 2 7 128 19
signal_l_71 263 153 3 3 142 81
signal_l_74 255 154 3 3 139 43
signal_l_78 244 155 3 3 131 117
signal_l_83 230 156 3 3 126 120
signal_l_91 207 157 3 3 121 26
signal_l_92 204 157 3 3 121 29
signal_l_104 169 157 3 3 41 87
signal_l_107 160 157 3 3 34 79
signal_l_105 166 157 3 3 37 79
signal_l_117 132 155 3 3 19 45
signal_l_126 108 152 3 3 22 45
signal_l_128 104 151 3 3 71 170
signal_l_129 101 151 3 3 74 170
signal_l_135 86 148 3 3 77 170
signal_l_136 85 148 3 3 80 170
signal_l_141 73 145 3 3 0 170
signal_l_143 69 144 3 3 3 170
signal_l_146 63 142 3 3 6 170
signal_r_63 249 155 3 3 9 170
signal_r_76 212 157 3 3 12 170
signal_r_75 215 157 3 3 145 116
signal_r_88 177 157 3 3 138 54
signal_r_89 174 157 3 3 138 57
signal_r_97 151 156 3 3 134 46
signal_r_100 143 156 3 3 130 37
signal_r_102 137 155 3 3 122 10
signal_r_106 126 154 3 3 122 13
signal_r_104 132 155 3 3 119 42
signal_r_111 113 153 3 3 119 45
signal_r_109 118 153 3 3 118 59
signal_r_117 98 150 3 3 118 62
signal_r_119 93 149 3 3 117 76
signal_r_122 86 148 3 3 117 79
light_l_175 27 118 1 8 148 116
light_l_172 29 120 1 8 92 40
light_l_173 28 119 1 8 35 107
light_r_5 356 118 1 8 172 27
light_r_7 355 119 1 8 172 35
light_r_8 354 120 1 8 172 43
light_t_4 352 70 1 8 172 68
light_t_8 351 72 1 8 172 76
light_t_7 351 72 1 8 172 92
light_t_12 349 75 1 8 139 117
light_t_10 350 74 1 8 140 117
light_t_172 32 72 1 8 141 117
light_t_175 31 70 1 8 142 117
light_t_176 31 70 1 8 143 117
light_t_173 32 72 1 8 144 117
light_t_170 33 74 1 8 145 119
light_t_5 352 70 1 7 151 44
signal_l_23 352 127 3 2 143 52
signal_l_41 329 139 2 3 146 119
signal_l_40 331 138 2 3 146 122
signal_l_44 324 141 2 3 83 170
signal_l_45 322 141 2 3 16 20
signal_l_54 304 146 2 3 66 143
signal_l_57 298 148 2 3 68 143
signal_l_52 309 145 2 3 59 135
signal_l_58 295 148 2 3 61 135
signal_l_56 300 147 2 3 63 135
signal_l_60 291 149 2 3 51 103
signal_l_61 288 150 3 2 135 35
signal_l_63 284 150 2 3 53 103
signal_l_65 279 151 2 3 55 103
signal_l_68 271 152 2 3 44 95
signal_l_72 261 154 2 3 46 95
signal_l_69 268 153 3 2 134 49
signal_l_75 252 155 3 2 130 40
signal_l_80 239 156 2 3 48 95
signal_l_79 241 156 3 2 129 138
signal_l_84 227 157 3 2 123 140
signal_l_82 233 156 2 3 13 166
signal_l_90 210 157 2 3 81 137
signal_l_89 213 157 2 3 83 137
signal_l_94 198 158 3 2 120 124
signal_l_93 201 158 3 2 116 97
signal_l_96 192 158 3 2 104 90
signal_l_95 195 158 3 2 107 90
signal_l_102 175 157 2 3 81 140
signal_l_103 172 157 2 3 83 140
signal_l_106 163 157 3 2 96 125
signal_l_110 152 156 2 3 110 168
signal_l_111 149 156 2 3 112 168
signal_l_113 143 156 3 2 99 125
signal_l_112 146 156 3 2 95 135
signal_l_115 138 155 2 3 114 168
signal_l_116 135 155 2 3 111 83
signal_l_120 124 154 3 2 113 83
signal_l_119 127 154 2 3 113 85
signal_l_121 122 154 2 3 111 86
signal_l_124 114 153 2 3 100 34
signal_l_122 119 153 2 3 102 34
signal_l_123 116 153 3 2 113 88
signal_l_125 111 152 2 3 100 37
signal_l_127 106 152 2 3 102 37
signal_l_133 92 149 2 3 93 41
signal_l_132 94 149 2 3 95 41
signal_l_130 99 150 2 3 93 44
signal_l_134 89 149 2 3 95 44
signal_l_137 82 147 2 3 75 128
signal_l_140 76 146 2 3 75 131
signal_l_151 54 139 2 3 77 128
signal_l_150 56 140 2 3 79 128
signal_l_149 58 141 3 2 76 90
signal_l_152 53 139 2 3 77 131
signal_l_155 48 137 2 3 79 131
signal_l_153 51 138 2 3 36 109
signal_r_10 352 127 2 3 36 112
signal_r_28 329 139 2 3 38 109
signal_r_39 308 145 2 3 40 109
signal_r_40 306 146 2 3 38 112
signal_r_43 300 147 2 3 40 112
signal_r_45 295 148 2 3 25 150
signal_r_50 283 150 2 3 25 153
signal_r_56 268 153 2 3 27 150
signal_r_52 278 151 2 3 27 153
signal_r_55 271 152 2 3 18 142
signal_r_51 281 151 2 3 18 145
signal_r_57 265 153 3 2 79 90
signal_r_61 255 154 2 3 20 142
signal_r_58 263 153 2 3 20 145
signal_r_64 247 155 2 3 22 142
signal_r_68 235 156 3 2 75 100
signal_r_65 244 155 2 3 22 145
signal_r_67 238 156 3 2 78 100
signal_r_69 233 156 2 3 116 167
signal_r_70 230 156 2 3 116 170
signal_r_74 218 157 3 2 68 92
signal_r_78 207 157 2 3 118 167
signal_r_77 210 157 2 3 118 170
signal_r_83 192 158 3 2 71 92
signal_r_84 189 158 3 2 67 74
signal_r_85 186 158 3 2 70 74
signal_r_87 180 158 3 2 60 66
signal_r_86 183 158 3 2 63 66
signal_r_90 172 157 2 3 120 167
signal_r_91 169 157 2 3 120 170
signal_r_96 154 157 3 2 59 76
signal_r_95 157 157 3 2 62 76
signal_r_98 149 156 2 3 122 167
signal_r_101 140 156 3 2 58 147
signal_r_105 129 155 3 2 53 58
signal_r_108 121 154 2 3 122 170
signal_r_113 108 152 3 2 56 58
signal_r_112 111 152 2 3 124 166
signal_r_121 89 149 2 3 126 166
signal_r_120 91 149 2 3 124 169
signal_r_123 84 148 2 3 126 169
signal_r_126 78 146 2 3 128 167
signal_r_124 82 147 2 3 128 170
signal_r_128 73 145 2 3 130 167
signal_r_125 80 147 2 3 130 170
signal_r_132 65 143 2 3 139 125
signal_r_139 53 139 2 3 141 125
signal_r_135 60 141 2 3 143 125
signal_r_142 48 137 2 3 98 50
signal_r_140 51 138 2 3 98 53
signal_r_136 58 141 2 3 100 50
signal_r_143 46 136 2 3 102 50
signal_r_147 41 134 3 2 52 68
signal_r_149 38 132 2 3 100 53
signal_r_151 36 131 3 2 55 68
light_l_179 25 117 1 5 150 52
light_r_3 357 119 1 4 149 68
light_l_177 26 119 1 4 141 54
light_r_1 358 118 1 4 137 46
signal_l_26 349 129 2 2 126 140
signal_l_28 347 130 2 2 119 97
signal_l_29 346 131 2 2 102 53
signal_l_33 341 134 2 2 102 55
signal_l_38 334 137 2 2 74 82
signal_l_36 337 136 2 2 66 84
signal_l_43 326 140 2 2 61 147
signal_l_48 317 143 2 2 51 139
signal_l_49 315 144 2 2 53 139
signal_l_50 313 144 2 2 55 139
signal_l_51 311 145 2 2 51 50
signal_l_55 302 147 2 2 44 60
signal_l_59 293 149 2 2 46 60
signal_l_62 286 150 2 2 48 60
signal_l_64 281 151 2 2 50 60
signal_l_70 266 153 2 2 37 25
signal_l_67 274 152 2 2 39 25
signal_l_66 276 152 2 2 41 25
signal_l_73 258 154 2 2 43 25
signal_l_76 250 155 2 2 36 43
signal_l_77 247 155 2 2 38 43
signal_l_81 236 156 2 2 40 43
signal_l_88 216 157 2 2 33 17
signal_l_86 222 157 2 2 35 17
signal_l_87 219 157 2 2 43 107
signal_l_97 190 158 2 2 45 107
signal_l_100 181 158 2 2 47 107
signal_l_99 184 158 2 2 27 62
signal_l_98 187 158 2 2 29 62
signal_l_101 178 158 2 2 31 62
signal_l_109 155 157 2 2 17 9
signal_l_108 158 157 2 2 19 9
signal_l_114 141 156 2 2 21 9
signal_l_118 130 155 2 2 23 9
signal_l_131 96 150 2 2 104 171
signal_l_138 80 147 2 2 106 171
signal_l_139 78 146 2 2 108 171
signal_l_145 66 143 2 2 110 171
signal_l_147 62 142 2 2 112 171
signal_l_148 60 141 2 2 114 171
signal_l_158 44 135 2 2 63 171
signal_l_163 37 132 2 2 65 171
signal_l_165 35 131 2 2 67 171
signal_l_166 34 130 2 2 69 171
signal_r_33 320 142 2 2 96 101
signal_r_31 324 141 2 2 98 101
signal_r_32 322 141 2 2 100 101
signal_r_41 304 146 2 2 96 103
signal_r_42 302 147 2 2 96 105
signal_r_46 293 149 2 2 98 103
signal_r_48 288 150 2 2 100 103
signal_r_49 286 150 2 2 98 105
signal_r_53 276 152 2 2 100 105
signal_r_54 273 152 2 2 94 25
signal_r_62 252 155 2 2 96 25
signal_r_60 258 154 2 2 98 25
signal_r_59 260 154 2 2 94 27
signal_r_66 241 156 2 2 94 29
signal_r_71 227 157 2 2 96 27
signal_r_72 224 157 2 2 98 27
signal_r_73 221 157 2 2 96 29
signal_r_80 201 158 2 2 98 29
signal_r_82 195 158 2 2 90 92
signal_r_79 204 158 2 2 92 92
signal_r_81 198 158 2 2 94 92
signal_r_93 163 157 2 2 90 94
signal_r_92 166 157 2 2 90 96
signal_r_94 160 157 2 2 92 94
signal_r_99 146 156 2 2 94 94
signal_r_107 124 154 2 2 92 96
signal_r_103 135 155 2 2 94 96
signal_r_110 116 153 2 2 15 166
signal_r_114 106 152 2 2 17 166
signal_r_118 96 150 2 2 19 166
signal_r_116 101 151 2 2 15 168
signal_r_129 71 145 2 2 15 170
signal_r_131 67 144 2 2 17 168
signal_r_130 69 144 2 2 19 168
signal_r_137 56 140 2 2 17 170
signal_r_134 62 142 2 2 19 170
signal_r_144 45 136 2 2 30 166
signal_r_150 38 132 2 2 30 168
signal_r_152 35 130 2 2 30 170
signal_r_153 34 130 2 2 32 166
signal_r_155 32 129 2 2 32 168
signal_r_154 33 129 2 2 32 170
signal_r_161 27 124 2 2 34 166
signal_r_156 31 128 2 2 34 168
signal_r_163 26 123 2 2 34 170
signal_r_165 25 121 2 2 36 166
light_t_177 31 72 1 3 149 72
signal_l_10 359 117 1 3 145 81
signal_l_13 358 119 1 3 142 43
signal_l_31 344 132 1 3 133 37
signal_l_34 340 134 1 3 125 10
signal_l_39 333 137 1 3 125 13
signal_l_37 336 136 1 3 122 42
signal_l_42 328 139 1 3 122 45
signal_l_47 319 142 1 3 121 59
signal_l_53 307 146 1 3 121 62
signal_l_142 72 145 1 3 120 76
signal_l_156 47 136 1 3 120 79
signal_l_159 43 134 1 3 132 167
signal_l_162 39 132 1 3 132 170
signal_l_161 40 133 1 3 115 85
signal_r_18 344 132 1 3 104 34
signal_r_21 340 134 1 3 104 37
signal_r_27 331 138 1 3 97 41
signal_r_24 336 136 1 3 97 44
signal_r_29 328 139 1 3 74 119
signal_r_30 326 140 1 3 74 122
signal_r_34 319 142 1 3 70 143
signal_r_38 311 145 1 3 65 135
signal_r_47 291 149 1 3 58 127
signal_r_133 64 142 1 3 57 103
signal_r_127 76 146 1 3 50 95
signal_r_138 55 139 1 3 40 79
signal_r_141 50 137 1 3 29 150
signal_r_146 43 134 1 3 29 153
signal_r_162 27 123 1 3 25 45
signal_r_167 25 119 1 3 18 28
signal_r_166 25 120 1 3 24 142
signal_r_170 24 117 1 3 24 145
light_t_3 352 73 1 2 150 57
light_t_6 352 73 1 2 145 92
light_t_174 31 73 1 2 172 100
signal_l_8 359 115 1 2 163 99
signal_l_15 357 121 1 2 140 100
signal_l_16 357 121 1 2 141 58
signal_l_9 359 116 1 2 138 35
signal_l_21 354 125 1 2 133 40
signal_l_19 355 124 1 2 132 138
signal_l_18 356 123 1 2 103 74
signal_l_22 353 126 1 2 98 135
signal_l_27 348 130 2 1 152 75
signal_l_30 345 132 1 2 82 90
signal_l_32 343 133 1 2 81 100
signal_l_35 339 135 1 2 74 92
signal_l_46 321 142 1 2 73 74
signal_l_144 68 144 1 2 66 66
signal_l_154 50 138 1 2 65 76
signal_l_157 46 136 1 2 59 58
signal_l_160 42 134 1 2 58 68
signal_l_164 37 131 1 2 57 139
signal_l_170 31 127 1 2 50 131
signal_l_171 30 126 1 2 42 43
signal_r_9 353 126 1 2 49 107
signal_r_16 346 131 1 2 33 62
signal_r_17 345 132 1 2 26 54
signal_r_19 343 133 1 2 17 56
signal_r_20 341 134 1 2 36 168
signal_r_26 333 138 1 2 36 170
signal_r_23 337 136 1 2 37 168
signal_r_22 339 135 1 2 37 170
signal_r_25 334 137 1 2 38 166
signal_r_35 317 143 1 2 38 168
signal_r_37 313 144 1 2 38 170
signal_r_36 315 144 1 2 39 166
signal_r_44 298 148 1 2 39 168
signal_r_145 44 135 1 2 39 170
signal_r_148 40 133 1 2 40 166
signal_r_157 31 127 1 2 40 168
signal_r_159 29 125 1 2 40 170
signal_r_158 30 126 1 2 41 166
signal_r_164 26 121 1 2 41 168
signal_r_172 24 115 1 2 41 170
signal_r_171 24 116 1 2 42 166
signal_l_14 358 122 1 1 149 17
signal_l_17 356 123 1 1 147 43
signal_l_24 351 128 1 1 169 67
signal_l_25 350 129 1 1 167 83
signal_l_169 32 128 1 1 168 83
signal_l_167 34 129 1 1 166 91
signal_l_173 28 126 1 1 148 26
signal_l_172 29 127 1 1 142 8
signal_r_5 356 125 1 1 143 8
signal_l_175 27 125 1 1 144 8
signal_r_15 347 131 1 1 145 8
signal_r_11 351 128 1 1 165 101
signal_r_168 24 120 1 1 141 17
