door_5_135 83 106 50 39 0 0
door_6_135 83 106 50 39 50 0
door_5_132 90 107 49 39 100 0
door_6_132 90 107 49 39 149 0
door_5_129 97 107 48 39 198 0
door_6_124 109 108 46 40 246 0
door_5_125 106 108 47 39 0 39
door_6_125 106 108 47 39 47 39
door_6_129 98 107 47 39 94 39
door_6_134 88 106 47 39 141 39
door_5_123 109 109 48 38 188 39
door_5_133 89 107 48 38 292 0
door_6_123 109 109 48 38 340 0
door_6_133 89 107 48 38 388 0
door_5_124 110 108 45 40 436 0
door_5_126 105 108 46 39 292 38
door_6_126 105 108 46 39 236 40
door_6_127 103 108 46 39 188 77
door_6_131 95 107 46 39 338 38
door_5_117 124 110 45 39 384 38
door_5_130 98 107 45 39 0 78
door_6_115 129 110 45 39 45 78
door_6_121 116 109 45 39 90 78
door_6_117 124 110 45 39 135 78
door_6_130 98 107 45 39 481 0
door_5_115 129 110 44 39 526 0
door_5_120 119 109 44 39 570 0
door_5_121 117 109 44 39 614 0
door_5_122 115 109 44 39 658 0
door_5_127 105 108 44 39 702 0
door_5_131 97 107 44 39 481 39
door_6_120 119 109 44 39 429 40
door_6_122 115 109 44 39 282 77
door_5_128 102 108 45 38 234 79
door_6_128 102 108 45 38 180 116
door_5_112 137 110 43 39 326 77
door_5_119 122 109 43 39 369 77
door_5_134 92 106 43 39 0 117
door_6_112 137 110 43 39 43 117
door_6_116 129 109 43 39 86 117
door_6_119 122 109 43 39 129 117
door_5_114 134 110 42 39 525 39
door_6_114 134 110 42 39 567 39
door_5_118 124 110 43 38 609 39
door_6_118 124 110 43 38 652 39
door_5_113 137 110 41 39 695 39
door_6_113 137 110 41 39 609 77
door_5_116 129 110 42 38 650 77
door_6_108 150 110 39 40 692 78
door_5_109 145 111 41 38 650 115
door_6_109 145 111 41 38 691 118
door_5_111 142 110 38 40 473 78
door_6_111 142 110 38 40 412 79
door_5_107 153 110 38 39 511 78
door_5_108 150 111 38 39 549 78
door_6_107 153 110 38 39 587 116
door_5_106 156 110 37 40 625 153
door_5_105 158 110 37 40 511 117
door_6_105 158 110 37 40 548 117
door_6_106 156 110 37 40 585 155
door_5_110 145 110 37 39 450 118
door_6_110 145 110 37 39 662 156
door_2_102 177 111 22 39 450 79
door_1_163 75 95 15 38 587 78
door_1_189 56 81 15 38 732 78
door_2_163 75 95 15 38 732 116
door_2_189 56 81 15 38 732 154
door_2_194 55 78 15 38 487 118
door_3_163 75 95 15 38 487 156
door_3_189 56 81 15 38 699 156
door_3_194 55 78 15 38 714 156
door_4_163 75 95 15 38 729 192
door_4_189 56 81 15 38 699 194
door_4_194 55 78 15 38 714 194
door_5_163 75 95 15 38 729 230
door_5_189 56 81 15 38 622 193
door_5_194 55 78 15 38 637 193
door_6_163 75 95 15 38 652 195
door_6_188 56 82 15 38 667 195
door_6_189 56 81 15 38 682 195
door_6_194 55 78 15 38 697 232
door_1_160 79 97 15 37 625 116
door_1_164 74 95 15 37 712 232
door_1_172 66 91 15 37 727 268
door_1_183 58 85 15 37 712 269
door_1_181 59 86 15 37 727 305
door_2_160 79 97 15 37 502 157
door_2_172 66 91 15 37 517 157
door_2_164 74 95 15 37 532 157
door_2_181 59 86 15 37 547 157
door_2_175 63 89 15 37 562 157
door_2_185 57 84 15 37 279 116
door_2_183 58 85 15 37 225 117
door_2_195 55 78 15 37 240 117
door_3_160 79 97 15 37 255 117
door_3_164 74 95 15 37 294 116
door_3_172 66 91 15 37 309 116
door_3_175 63 89 15 37 324 116
door_3_183 58 85 15 37 339 116
door_3_181 59 86 15 37 354 116
door_3_185 57 84 15 37 369 116
door_3_188 56 82 15 37 384 116
door_3_195 55 78 15 37 399 119
door_4_160 79 97 15 37 414 119
door_4_164 74 95 15 37 429 119
door_4_172 66 91 15 37 270 153
door_4_175 63 89 15 37 172 154
door_4_181 59 86 15 37 187 154
door_4_183 58 85 15 37 202 154
door_4_185 57 84 15 37 217 154
door_4_188 56 82 15 37 232 154
door_4_195 55 78 15 37 247 154
door_5_160 79 97 15 37 285 153
door_5_164 74 95 15 37 300 153
door_5_172 66 91 15 37 315 153
door_5_175 63 89 15 37 330 153
door_5_183 58 85 15 37 345 153
door_5_181 59 86 15 37 360 153
door_5_185 57 84 15 37 375 153
door_5_195 55 78 15 37 390 156
door_6_160 79 97 15 37 405 156
door_6_164 74 95 15 37 420 156
door_6_172 66 91 15 37 435 156
door_6_183 58 85 15 37 450 157
door_6_181 59 86 15 37 465 157
door_6_185 57 84 15 37 262 190
door_6_195 55 78 15 37 277 190
door_1_154 88 99 14 38 292 190
door_1_156 85 98 14 38 306 190
door_1_159 81 97 14 38 320 190
door_1_165 74 94 14 38 334 190
door_1_173 66 90 14 38 348 190
door_1_199 56 75 14 38 362 190
door_1_204 57 72 14 38 376 190
door_2_154 88 99 14 38 390 193
door_2_156 85 98 14 38 404 193
door_2_159 81 97 14 38 418 193
door_2_165 74 94 14 38 432 193
door_2_173 66 90 14 38 446 194
door_2_169 69 92 14 38 460 194
door_2_199 56 75 14 38 474 194
door_2_204 57 72 14 38 488 194
door_3_154 88 99 14 38 502 194
door_3_156 85 98 14 38 516 194
door_3_159 81 97 14 38 530 194
door_3_165 74 94 14 38 544 194
door_3_169 69 92 14 38 558 194
door_3_173 66 90 14 38 572 195
door_3_186 58 83 14 38 586 195
door_3_196 55 77 14 38 600 195
door_3_199 56 75 14 38 614 231
door_3_204 57 72 14 38 628 231
door_4_154 88 99 14 38 642 233
door_4_156 85 98 14 38 656 233
door_4_159 81 97 14 38 670 233
door_4_165 74 94 14 38 684 270
door_4_173 66 90 14 38 698 270
door_4_196 55 77 14 38 712 306
door_4_199 56 75 14 38 726 342
door_4_204 57 72 14 38 0 156
door_5_154 88 99 14 38 14 156
door_5_156 85 98 14 38 28 156
door_5_159 81 97 14 38 42 156
door_5_165 74 94 14 38 56 156
door_5_169 69 92 14 38 70 156
door_5_173 66 90 14 38 84 156
door_5_196 55 77 14 38 98 156
door_5_204 57 72 14 38 112 156
door_5_199 56 75 14 38 126 156
door_6_154 88 99 14 38 140 156
door_6_152 91 100 14 38 154 156
door_6_156 85 98 14 38 168 191
door_6_159 81 97 14 38 182 191
door_6_165 74 94 14 38 196 191
door_6_169 69 92 14 38 210 191
door_6_173 66 90 14 38 224 191
door_6_196 55 77 14 38 238 191
door_6_200 56 75 14 38 252 227
door_6_201 56 74 14 38 266 227
door_6_199 56 75 14 38 280 228
door_6_204 57 72 14 38 294 228
door_1_162 77 96 14 37 308 228
door_1_174 65 90 14 37 322 228
door_1_179 60 87 14 37 336 228
door_1_180 61 87 14 37 350 228
door_1_178 62 88 14 37 364 228
door_1_186 58 83 14 37 378 231
door_1_188 56 82 14 37 392 231
door_1_185 57 84 14 37 406 231
door_2_162 77 96 14 37 420 231
door_2_174 65 90 14 37 308 265
door_2_178 62 88 14 37 322 265
door_2_180 61 87 14 37 336 265
door_2_179 60 87 14 37 350 265
door_2_186 58 83 14 37 364 265
door_2_188 56 82 14 37 434 232
door_3_162 77 96 14 37 378 268
door_3_178 62 88 14 37 392 268
door_3_179 60 87 14 37 406 268
door_3_174 65 90 14 37 420 268
door_3_180 61 87 14 37 448 232
door_4_162 77 96 14 37 462 232
door_4_174 65 90 14 37 476 232
door_4_180 61 87 14 37 490 232
door_4_179 60 87 14 37 504 232
door_4_178 62 88 14 37 518 232
door_4_186 58 83 14 37 532 232
door_5_162 77 96 14 37 546 232
door_5_174 65 90 14 37 560 233
door_5_178 62 88 14 37 574 233
door_5_180 61 87 14 37 588 233
door_5_179 60 87 14 37 602 269
door_5_186 58 83 14 37 616 269
door_5_188 56 82 14 37 630 271
door_6_162 77 96 14 37 644 271
door_6_179 60 87 14 37 658 271
door_6_174 65 90 14 37 434 269
door_6_175 63 89 14 37 448 269
door_6_180 61 87 14 37 462 269
door_6_178 62 88 14 37 476 269
door_6_186 58 83 14 37 490 269
door_1_149 96 101 13 39 504 269
door_2_149 96 101 13 39 517 269
door_2_220 69 63 13 39 530 269
door_3_149 96 101 13 39 543 269
door_3_220 69 63 13 39 556 270
door_4_149 96 101 13 39 569 270
door_4_220 69 63 13 39 582 270
door_5_149 96 101 13 39 595 306
door_5_220 69 63 13 39 608 306
door_6_149 96 101 13 39 621 308
door_6_209 60 69 13 39 634 308
door_6_214 63 66 13 39 647 308
door_1_148 98 102 13 38 660 308
door_1_147 99 102 13 38 673 308
door_1_151 93 101 13 38 686 308
door_1_157 84 98 13 38 699 308
door_1_153 90 100 13 38 712 344
door_1_161 79 96 13 38 725 380
door_1_167 71 93 13 38 660 346
door_1_169 69 92 13 38 673 346
door_1_171 67 91 13 38 686 346
door_1_193 57 79 13 38 699 346
door_1_192 56 79 13 38 712 382
door_1_194 57 78 13 38 725 418
door_1_200 56 75 13 38 0 194
door_1_201 56 74 13 38 13 194
door_1_203 57 73 13 38 26 194
door_1_206 58 71 13 38 39 194
door_2_147 99 102 13 38 52 194
door_2_148 98 102 13 38 65 194
door_2_151 93 101 13 38 78 194
door_2_153 90 100 13 38 91 194
door_2_157 84 98 13 38 104 194
door_2_161 79 96 13 38 117 194
door_2_152 91 100 13 38 130 194
door_2_155 87 99 13 38 143 194
door_2_167 71 93 13 38 156 229
door_2_171 67 91 13 38 169 229
door_2_193 57 79 13 38 182 229
door_2_192 56 79 13 38 195 229
door_2_198 57 76 13 38 208 229
door_2_197 57 76 13 38 221 229
door_2_201 56 74 13 38 234 229
door_2_208 59 70 13 38 247 265
door_2_203 57 73 13 38 260 265
door_2_200 56 75 13 38 273 266
door_2_206 58 71 13 38 286 266
door_3_147 99 102 13 38 299 302
door_3_148 98 102 13 38 312 302
door_3_152 91 100 13 38 325 302
door_3_155 87 99 13 38 338 302
door_3_153 90 100 13 38 351 302
door_3_151 93 101 13 38 364 302
door_3_157 84 98 13 38 377 305
door_3_161 79 96 13 38 390 305
door_3_167 71 93 13 38 403 305
door_3_171 67 91 13 38 416 305
door_3_182 60 85 13 38 429 306
door_3_192 56 79 13 38 442 306
door_3_193 57 79 13 38 455 306
door_3_197 57 76 13 38 468 306
door_3_198 57 76 13 38 481 306
door_3_201 56 74 13 38 494 308
door_3_200 56 75 13 38 507 308
door_3_203 57 73 13 38 520 308
door_3_206 58 71 13 38 533 308
door_3_208 59 70 13 38 546 309
door_4_147 99 102 13 38 559 309
door_4_148 98 102 13 38 572 309
door_4_152 91 100 13 38 585 345
door_4_151 93 101 13 38 598 345
door_4_155 87 99 13 38 611 347
door_4_157 84 98 13 38 624 347
door_4_153 90 100 13 38 637 347
door_4_161 79 96 13 38 650 384
door_4_167 71 93 13 38 663 384
door_4_169 69 92 13 38 676 384
door_4_171 67 91 13 38 689 384
door_4_182 60 85 13 38 702 420
door_4_193 57 79 13 38 715 456
door_4_192 56 79 13 38 728 456
door_4_197 57 76 13 38 0 232
door_4_198 57 76 13 38 13 232
door_4_200 56 75 13 38 26 232
door_4_201 56 74 13 38 39 232
door_4_208 59 70 13 38 52 232
door_4_206 58 71 13 38 65 232
door_4_203 57 73 13 38 78 232
door_5_147 99 102 13 38 91 232
door_5_148 98 102 13 38 104 232
door_5_152 91 100 13 38 117 232
door_5_151 93 101 13 38 130 232
door_5_153 90 100 13 38 143 232
door_5_155 87 99 13 38 156 267
door_5_157 84 98 13 38 169 267
door_5_161 79 96 13 38 182 267
door_5_171 67 91 13 38 195 267
door_5_167 71 93 13 38 208 267
door_5_182 60 85 13 38 221 267
door_5_192 56 79 13 38 234 267
door_5_193 57 79 13 38 247 303
door_5_198 57 76 13 38 260 303
door_5_197 57 76 13 38 273 304
door_5_203 57 73 13 38 286 304
door_5_200 56 75 13 38 299 340
door_5_201 56 74 13 38 312 340
door_5_206 58 71 13 38 325 340
door_5_208 59 70 13 38 338 340
door_5_210 60 69 13 38 351 340
door_6_147 99 102 13 38 364 340
door_6_145 103 103 13 38 377 343
door_6_148 98 102 13 38 390 343
door_6_155 87 99 13 38 403 343
door_6_157 84 98 13 38 416 343
door_6_150 95 101 13 38 429 344
door_6_153 90 100 13 38 442 344
door_6_151 93 101 13 38 455 344
door_6_161 79 96 13 38 468 344
door_6_167 71 93 13 38 481 344
door_6_171 67 91 13 38 494 346
door_6_182 60 85 13 38 507 346
door_6_191 57 80 13 38 520 346
door_6_193 57 79 13 38 533 346
door_6_192 56 79 13 38 546 347
door_6_197 57 76 13 38 559 347
door_6_203 57 73 13 38 572 347
door_6_198 57 76 13 38 585 383
door_6_208 59 70 13 38 598 383
door_6_206 58 71 13 38 611 385
door_6_211 61 68 13 38 624 385
door_6_210 60 69 13 38 637 385
door_6_93 177 121 35 14 650 422
door_1_158 83 98 13 37 684 233
door_1_168 70 93 13 37 685 422
door_1_175 63 89 13 37 698 458
door_1_176 63 89 13 37 711 494
door_1_195 57 78 13 37 724 494
door_2_158 83 98 13 37 0 270
door_2_168 70 93 13 37 13 270
door_2_176 63 89 13 37 26 270
door_3_158 83 98 13 37 39 270
door_3_168 70 93 13 37 52 270
door_3_176 63 89 13 37 65 270
door_4_158 83 98 13 37 78 270
door_4_168 70 93 13 37 91 270
door_4_176 63 89 13 37 104 270
door_5_158 83 98 13 37 117 270
door_5_168 70 93 13 37 130 270
door_5_176 63 89 13 37 143 270
door_6_158 83 98 13 37 156 305
door_6_168 70 93 13 37 169 305
door_6_176 63 89 13 37 182 305
door_6_184 59 84 13 37 195 305
door_6_190 57 81 13 37 208 305
door_6_89 189 120 34 14 221 341
door_1_144 105 103 12 39 736 39
door_1_146 102 102 12 39 255 341
door_1_202 58 73 12 39 267 342
door_1_207 60 70 12 39 279 342
door_1_209 60 69 12 39 291 378
door_1_216 65 65 12 39 303 378
door_2_144 105 103 12 39 315 378
door_2_146 102 102 12 39 327 378
door_2_209 60 69 12 39 339 378
door_2_202 58 73 12 39 351 378
door_2_207 60 70 12 39 363 378
door_2_216 65 65 12 39 375 381
door_3_144 105 103 12 39 387 381
door_3_146 102 102 12 39 399 381
door_3_207 60 70 12 39 411 381
door_3_202 58 73 12 39 423 382
door_3_209 60 69 12 39 435 382
door_3_216 65 65 12 39 447 382
door_4_144 105 103 12 39 459 382
door_4_146 102 102 12 39 471 382
door_4_209 60 69 12 39 483 384
door_4_207 60 70 12 39 495 384
door_4_202 58 73 12 39 507 384
door_4_216 65 65 12 39 519 384
door_5_144 105 103 12 39 531 384
door_5_146 102 102 12 39 543 385
door_5_209 60 69 12 39 555 385
door_5_202 58 73 12 39 567 385
door_5_207 60 70 12 39 579 421
door_5_216 65 65 12 39 591 421
door_6_141 111 104 12 39 603 423
door_6_146 102 102 12 39 615 423
door_6_144 105 103 12 39 627 423
door_6_202 58 73 12 39 639 436
door_6_207 60 70 12 39 651 436
door_6_216 65 65 12 39 663 436
door_6_218 67 64 12 39 675 459
door_6_87 195 120 33 14 0 307
door_6_88 192 120 33 14 33 307
door_1_142 109 104 12 38 687 495
door_1_143 107 104 12 38 699 495
door_1_150 95 101 12 38 711 531
door_1_182 60 85 12 38 723 531
door_1_187 58 82 12 38 735 531
door_1_191 57 80 12 38 66 307
door_1_197 57 76 12 38 0 321
door_1_196 57 77 12 38 12 321
door_1_198 57 76 12 38 24 321
door_1_215 64 66 12 38 36 321
door_2_143 107 104 12 38 48 321
door_2_142 109 104 12 38 78 307
door_2_182 60 85 12 38 90 307
door_2_191 57 80 12 38 102 307
door_2_187 58 82 12 38 114 307
door_2_196 57 77 12 38 126 307
door_2_212 62 68 12 38 138 307
door_3_142 109 104 12 38 150 342
door_3_143 107 104 12 38 162 342
door_3_187 58 82 12 38 174 342
door_3_191 57 80 12 38 186 342
door_3_212 62 68 12 38 198 342
door_3_211 61 68 12 38 210 355
door_3_215 64 66 12 38 222 355
door_4_142 109 104 12 38 234 355
door_4_143 107 104 12 38 246 380
door_4_191 57 80 12 38 258 381
door_4_187 58 82 12 38 270 381
door_4_212 62 68 12 38 60 345
door_4_211 61 68 12 38 0 359
door_4_215 64 66 12 38 12 359
door_5_142 109 104 12 38 24 359
door_5_143 107 104 12 38 36 359
door_5_187 58 82 12 38 48 359
door_5_191 57 80 12 38 72 345
door_5_211 61 68 12 38 84 345
door_5_212 62 68 12 38 96 345
door_5_215 64 66 12 38 108 345
door_6_142 109 104 12 38 120 345
door_6_143 107 104 12 38 132 345
door_6_187 58 82 12 38 144 380
door_6_212 62 68 12 38 156 380
door_6_215 64 66 12 38 168 380
door_6_217 66 65 12 38 180 380
door_1_166 73 94 12 37 672 271
door_1_170 69 92 12 37 192 380
door_1_177 63 88 12 37 204 393
door_1_184 59 84 12 37 192 417
door_1_190 57 81 12 37 216 393
door_2_166 73 94 12 37 228 393
door_2_170 69 92 12 37 240 418
door_2_177 63 88 12 37 204 430
door_2_184 59 84 12 37 216 430
door_2_190 57 81 12 37 228 430
door_3_166 73 94 12 37 60 383
door_3_170 69 92 12 37 0 397
door_3_177 63 88 12 37 12 397
door_3_184 59 84 12 37 24 397
door_3_190 57 81 12 37 36 397
door_4_170 69 92 12 37 48 397
door_4_166 73 94 12 37 72 383
door_4_177 63 88 12 37 84 383
door_4_184 59 84 12 37 96 383
door_4_190 57 81 12 37 108 383
door_5_166 73 94 12 37 120 383
door_5_170 69 92 12 37 132 383
door_5_177 63 88 12 37 144 418
door_5_184 59 84 12 37 156 418
door_5_190 57 81 12 37 168 418
door_6_166 73 94 12 37 180 418
door_6_170 69 92 12 37 192 454
door_6_177 63 88 12 37 60 420
door_5_92 181 121 34 13 0 434
door_6_90 186 121 34 13 0 447
door_6_91 184 121 34 13 72 420
door_6_92 181 121 34 13 106 420
door_1_138 117 105 11 39 34 434
door_1_220 69 63 11 39 45 434
door_2_141 111 104 11 39 0 460
door_2_138 117 105 11 39 11 460
door_3_138 117 105 11 39 22 460
door_3_141 111 104 11 39 72 433
door_3_218 67 64 11 39 56 457
door_3_222 71 62 11 39 33 473
door_3_227 77 59 11 39 44 473
door_4_138 117 105 11 39 0 499
door_4_141 111 104 11 39 11 499
door_4_218 67 64 11 39 22 499
door_4_222 71 62 11 39 83 433
door_4_227 77 59 11 39 94 433
door_5_141 111 104 11 39 105 433
door_5_138 117 105 11 39 116 433
door_5_218 67 64 11 39 127 433
door_5_223 72 61 11 39 138 455
door_5_224 73 61 11 39 149 455
door_5_222 71 62 11 39 160 455
door_5_227 77 59 11 39 171 455
door_6_138 117 105 11 39 67 472
door_6_137 119 105 11 39 55 496
door_6_222 71 62 11 39 33 512
door_6_220 69 63 11 39 44 512
door_6_223 72 61 11 39 0 538
door_6_225 74 60 11 39 11 538
door_6_227 77 59 11 39 22 538
door_6_224 73 61 11 39 78 472
door_6_99 161 121 30 14 89 472
door_1_140 113 105 11 38 119 472
door_1_139 115 105 11 38 89 486
door_1_152 91 100 11 38 100 486
door_1_155 87 99 11 38 66 511
door_1_208 61 70 11 38 55 535
door_1_205 59 72 11 38 77 511
door_1_210 62 69 11 38 33 551
door_1_212 63 68 11 38 44 551
door_1_217 66 65 11 38 0 577
door_1_213 64 67 11 38 11 577
door_1_221 70 63 11 38 22 577
door_2_140 113 105 11 38 282 417
door_2_139 115 105 11 38 252 419
door_2_205 59 72 11 38 240 455
door_2_210 62 69 11 38 263 419
door_2_213 64 67 11 38 204 467
door_2_217 66 65 11 38 182 491
door_2_219 68 64 11 38 193 491
door_2_221 70 63 11 38 215 467
door_2_229 79 59 11 38 226 467
door_3_139 115 105 11 38 130 494
door_3_140 113 105 11 38 111 510
door_3_205 59 72 11 38 88 524
door_3_210 62 69 11 38 99 524
door_3_213 64 67 11 38 66 549
door_3_217 66 65 11 38 77 549
door_3_219 68 64 11 38 55 573
door_3_221 70 63 11 38 33 589
door_4_140 113 105 11 38 44 589
door_4_139 115 105 11 38 0 615
door_4_205 59 72 11 38 11 615
door_4_210 62 69 11 38 22 615
door_4_213 64 67 11 38 141 494
door_4_217 66 65 11 38 152 494
door_4_219 68 64 11 38 163 494
door_4_221 70 63 11 38 0 653
door_5_140 113 105 11 38 0 691
door_5_139 115 105 11 38 11 653
door_5_205 59 72 11 38 11 691
door_5_213 64 67 11 38 22 653
door_5_217 66 65 11 38 22 691
door_5_221 70 63 11 38 293 417
door_5_219 68 64 11 38 304 417
door_6_136 121 106 11 38 315 417
door_6_139 115 105 11 38 326 417
door_6_140 113 105 11 38 337 417
door_6_205 59 72 11 38 348 417
door_6_213 64 67 11 38 359 417
door_6_219 68 64 11 38 370 420
door_6_221 70 63 11 38 381 420
door_6_85 200 120 32 13 0 729
door_6_96 170 121 28 14 392 420
door_6_95 172 121 28 14 32 729
door_1_130 133 107 10 39 738 380
door_1_129 135 107 10 39 420 421
door_1_131 131 107 10 39 392 434
door_1_135 123 106 10 39 402 434
door_1_134 125 106 10 39 430 421
door_1_132 129 107 10 39 440 421
door_1_214 65 66 10 39 450 421
door_1_231 82 57 10 39 460 421
door_1_230 81 58 10 39 470 421
door_2_129 135 107 10 39 480 423
door_2_130 133 107 10 39 490 423
door_2_134 125 106 10 39 500 423
door_2_132 129 107 10 39 510 423
door_2_131 131 107 10 39 520 423
door_2_135 123 106 10 39 530 423
door_2_214 65 66 10 39 540 424
door_2_230 81 58 10 39 550 424
door_2_231 82 57 10 39 560 424
door_3_130 133 107 10 39 570 460
door_3_132 129 107 10 39 580 460
door_3_129 135 107 10 39 590 460
door_3_131 131 107 10 39 600 462
door_3_134 125 106 10 39 610 462
door_3_135 123 106 10 39 620 462
door_3_214 65 66 10 39 630 475
door_3_231 82 57 10 39 640 475
door_3_230 81 58 10 39 650 475
door_4_129 135 107 10 39 660 475
door_4_131 131 107 10 39 670 498
door_4_130 133 107 10 39 680 533
door_4_132 129 107 10 39 690 533
door_4_134 125 106 10 39 700 533
door_4_135 123 106 10 39 710 569
door_4_214 65 66 10 39 720 569
door_4_230 81 58 10 39 730 569
door_4_231 82 57 10 39 412 460
door_5_214 65 66 10 39 422 460
door_5_230 81 58 10 39 432 460
door_5_231 82 57 10 39 442 460
door_6_231 82 57 10 39 452 460
door_6_230 81 58 10 39 462 460
door_1_128 137 108 10 38 472 462
door_1_133 127 107 10 38 482 462
door_1_137 119 106 10 38 492 462
door_1_145 103 103 10 38 502 462
door_1_211 63 68 10 38 512 462
door_1_229 79 59 10 38 522 462
door_2_128 137 108 10 38 532 463
door_2_133 127 107 10 38 542 463
door_2_136 121 106 10 38 552 463
door_2_137 119 106 10 38 562 499
door_2_145 103 103 10 38 572 499
door_2_150 95 101 10 38 582 499
door_2_211 63 68 10 38 592 501
door_2_215 66 66 10 38 602 501
door_2_228 78 59 10 38 612 501
door_3_128 137 108 10 38 622 514
door_3_137 119 106 10 38 632 514
door_3_133 127 107 10 38 642 514
door_3_136 121 106 10 38 652 514
door_3_145 103 103 10 38 662 537
door_3_150 95 101 10 38 672 572
door_3_228 78 59 10 38 682 572
door_3_229 79 59 10 38 692 572
door_4_128 137 108 10 38 702 608
door_4_133 127 107 10 38 712 608
door_4_137 119 106 10 38 722 608
door_4_136 121 106 10 38 732 608
door_4_145 103 103 10 38 33 646
door_4_150 95 101 10 38 33 684
door_4_229 79 59 10 38 43 646
door_4_228 78 59 10 38 43 684
door_5_136 121 106 10 38 53 646
door_5_137 119 106 10 38 53 684
door_5_145 103 103 10 38 63 646
door_5_150 95 101 10 38 66 587
door_5_228 78 59 10 38 63 684
door_6_228 78 59 10 38 73 646
door_6_97 167 121 29 13 33 627
door_2_124 146 108 9 40 76 587
door_3_124 146 108 9 40 73 684
door_4_124 146 108 9 40 82 684
door_1_120 154 109 9 39 502 118
door_1_122 150 109 9 39 83 627
door_1_124 146 109 9 39 85 587
door_1_127 140 108 9 39 91 666
door_1_126 142 108 9 39 92 626
door_1_125 144 108 9 39 91 705
door_1_141 111 104 9 39 94 575
door_1_218 69 64 9 39 100 665
door_1_222 73 62 9 39 100 704
door_1_224 75 61 9 39 101 614
door_1_223 74 61 9 39 103 575
door_1_227 79 59 9 39 109 653
door_1_225 76 60 9 39 110 614
door_2_122 150 109 9 39 112 575
door_2_120 154 109 9 39 109 692
door_2_126 142 108 9 39 118 653
door_2_127 140 108 9 39 119 614
door_2_125 144 108 9 39 121 575
door_2_224 75 61 9 39 122 532
door_2_223 74 61 9 39 118 692
door_2_218 69 64 9 39 127 653
door_2_222 73 62 9 39 128 614
door_2_225 76 60 9 39 130 575
door_3_122 150 109 9 39 131 532
door_3_120 154 109 9 39 127 692
door_3_127 140 108 9 39 136 653
door_3_125 144 108 9 39 137 614
door_3_126 142 108 9 39 139 575
door_3_223 74 61 9 39 140 532
door_3_224 75 61 9 39 136 692
door_3_232 84 57 9 39 145 653
door_4_120 154 109 9 39 146 614
door_4_126 142 108 9 39 148 575
door_4_125 144 108 9 39 149 532
door_4_122 150 109 9 39 145 692
door_4_127 140 108 9 39 154 653
door_4_224 75 61 9 39 155 614
door_4_223 74 61 9 39 157 575
door_5_232 84 57 9 39 158 532
door_6_232 84 57 9 39 154 692
door_6_236 90 55 9 39 163 653
door_1_123 148 109 9 38 164 614
door_1_219 70 64 9 38 166 575
door_2_123 148 109 9 38 167 537
door_3_123 148 109 9 38 163 692
door_4_123 148 109 9 38 172 652
door_6_233 87 55 8 40 274 419
door_1_114 168 110 8 39 174 494
door_1_119 157 109 8 39 740 569
door_1_113 170 110 8 39 173 613
door_1_121 153 109 8 39 251 457
door_1_226 78 60 8 39 237 493
door_1_246 107 51 8 39 259 457
door_2_114 168 110 8 39 172 690
door_2_113 170 110 8 39 180 690
door_2_117 161 110 8 39 181 646
door_2_119 157 109 8 39 176 552
door_2_121 153 109 8 39 181 591
door_2_226 78 60 8 39 184 552
door_2_227 79 59 8 39 188 685
door_2_234 89 56 8 39 189 646
door_3_114 168 110 8 39 189 591
door_3_113 170 110 8 39 192 552
door_3_117 161 110 8 39 196 685
door_3_119 157 109 8 39 197 646
door_3_121 153 109 8 39 197 591
door_3_225 77 60 8 39 200 552
door_3_226 78 60 8 39 204 505
door_3_241 98 53 8 39 212 505
door_3_234 89 56 8 39 220 505
door_4_114 168 110 8 39 228 505
door_4_113 170 110 8 39 204 685
door_4_117 161 110 8 39 205 646
door_4_119 157 109 8 39 205 591
door_4_121 153 109 8 39 208 552
door_4_225 77 60 8 39 212 685
door_4_226 78 60 8 39 213 646
door_4_234 89 56 8 39 213 591
door_4_241 98 53 8 39 216 552
door_4_244 103 52 8 39 220 685
door_5_226 78 60 8 39 221 646
door_5_225 77 60 8 39 221 591
door_5_234 89 56 8 39 224 552
door_5_236 90 55 8 39 228 685
door_5_241 98 53 8 39 229 646
door_5_244 103 52 8 39 229 591
door_6_226 78 60 8 39 232 552
door_6_238 94 54 8 39 236 685
door_6_234 89 56 8 39 237 646
door_6_240 96 53 8 39 237 591
door_6_241 98 53 8 39 240 552
door_6_244 103 52 8 39 245 501
door_1_118 159 110 8 38 473 40
door_1_116 163 110 8 38 180 78
door_1_136 121 106 8 38 577 157
door_1_228 80 59 8 38 740 342
door_2_116 163 110 8 38 244 685
door_2_118 159 110 8 38 245 646
door_3_118 159 110 8 38 245 591
door_3_116 163 110 8 38 248 552
door_4_116 163 110 8 38 253 501
door_4_118 159 110 8 38 252 684
door_5_229 82 59 8 38 253 646
door_6_229 82 59 8 38 253 590
door_6_242 100 53 8 38 256 552
door_6_104 161 120 21 14 62 627
door_6_37 299 106 18 16 181 630
door_2_233 87 55 7 40 267 457
door_3_233 87 55 7 40 741 419
door_4_233 87 55 7 40 741 459
door_1_107 184 110 7 39 261 501
door_1_112 173 110 7 39 260 684
door_1_115 166 110 7 39 261 610
door_1_238 94 54 7 39 264 552
door_1_233 87 56 7 39 268 501
door_1_232 86 57 7 39 274 459
door_1_234 89 56 7 39 267 649
door_2_107 184 110 7 39 268 610
door_2_112 173 110 7 39 271 552
door_2_115 166 110 7 39 275 501
door_2_232 86 57 7 39 281 459
door_2_238 94 54 7 39 267 688
door_2_246 107 51 7 39 274 649
door_3_107 184 110 7 39 275 610
door_3_112 173 110 7 39 278 552
door_3_115 166 110 7 39 282 501
door_3_238 94 54 7 39 288 458
door_3_246 107 51 7 39 274 688
door_3_249 113 50 7 39 281 649
door_4_107 184 110 7 39 282 610
door_4_112 173 110 7 39 285 552
door_4_115 166 110 7 39 289 501
door_4_232 86 57 7 39 295 458
door_4_238 94 54 7 39 281 688
door_4_246 107 51 7 39 288 649
door_4_249 113 50 7 39 289 610
door_5_233 87 56 7 39 292 552
door_5_238 94 54 7 39 296 501
door_5_246 107 51 7 39 302 458
door_5_249 113 50 7 39 288 688
door_6_102 167 121 21 13 88 562
door_6_101 169 121 21 13 182 529
door_6_246 107 51 7 39 309 455
door_6_249 113 50 7 39 316 455
door_1_237 93 55 7 38 602 78
door_2_237 93 55 7 38 323 455
door_3_237 93 55 7 38 330 455
door_3_245 105 52 7 38 337 455
door_4_237 93 55 7 38 344 455
door_4_245 105 52 7 38 351 455
door_4_242 100 53 7 38 358 455
door_5_237 93 55 7 38 365 458
door_5_245 105 52 7 38 372 458
door_6_237 93 55 7 38 379 458
door_6_245 105 52 7 38 386 473
door_1_104 190 111 7 37 282 40
door_2_104 190 111 7 37 640 116
door_3_104 190 111 7 37 172 117
door_4_104 190 111 7 37 480 157
door_6_103 164 121 19 13 393 473
door_1_105 189 110 6 40 742 268
door_1_106 187 110 6 40 742 608
door_1_111 174 110 6 40 393 486
door_2_105 189 110 6 40 399 486
door_2_106 187 110 6 40 405 486
door_3_106 187 110 6 40 323 493
door_3_105 189 110 6 40 309 494
door_3_111 174 110 6 40 303 497
door_4_106 187 110 6 40 315 494
door_4_105 189 110 6 40 329 493
door_4_111 174 110 6 40 335 493
door_5_32 308 104 15 16 199 630
door_6_38 299 107 16 15 245 629
door_6_34 304 105 16 15 214 630
door_6_41 294 108 16 15 109 731
door_5_37 300 106 17 14 125 731
door_1_99 202 110 6 39 341 493
door_1_108 182 111 6 39 347 493
door_1_117 161 110 6 39 353 493
door_1_239 97 54 6 39 359 493
door_1_241 100 53 6 39 365 496
door_1_240 98 53 6 39 371 496
door_1_236 92 55 6 39 377 496
door_1_243 103 52 6 39 383 511
door_1_249 113 50 6 39 341 532
door_1_257 130 47 6 39 347 532
door_2_85 214 120 18 13 321 533
door_2_87 209 120 18 13 303 537
door_2_108 182 111 6 39 353 532
door_2_240 98 53 6 39 359 532
door_2_236 92 55 6 39 365 535
door_2_243 103 52 6 39 371 535
door_2_244 105 52 6 39 377 535
door_2_239 97 54 6 39 321 546
door_2_241 100 53 6 39 327 546
door_2_249 113 50 6 39 333 546
door_2_257 130 47 6 39 299 550
door_3_108 182 111 6 39 305 550
door_3_240 98 53 6 39 311 550
door_3_239 97 54 6 39 339 571
door_3_243 103 52 6 39 345 571
door_3_236 92 55 6 39 351 571
door_3_244 105 52 6 39 357 571
door_3_257 130 47 6 39 317 585
door_4_99 202 110 6 39 323 585
door_4_108 182 111 6 39 329 585
door_4_236 92 55 6 39 299 589
door_4_239 97 54 6 39 305 589
door_4_240 98 53 6 39 311 589
door_4_243 103 52 6 39 411 499
door_4_257 130 47 6 39 389 526
door_5_239 97 54 6 39 383 550
door_5_243 103 52 6 39 395 526
door_5_240 98 53 6 39 401 526
door_5_257 130 47 6 39 363 574
door_6_100 172 121 18 13 142 731
door_6_243 103 52 6 39 369 574
door_6_239 97 54 6 39 375 574
door_6_257 130 47 6 39 335 610
door_1_103 193 111 6 38 317 624
door_1_109 180 111 6 38 323 624
door_1_235 91 56 6 38 329 624
door_2_103 193 111 6 38 296 628
door_2_109 180 111 6 38 302 628
door_2_235 91 56 6 38 308 628
door_3_103 193 111 6 38 341 610
door_3_109 180 111 6 38 347 610
door_3_235 91 56 6 38 353 610
door_4_103 193 111 6 38 295 666
door_4_109 180 111 6 38 295 704
door_4_235 91 56 6 38 301 666
door_5_235 91 56 6 38 301 704
door_5_248 111 51 6 38 307 666
door_6_235 91 56 6 38 307 704
door_6_248 111 51 6 38 313 666
door_5_33 306 104 15 15 230 630
door_5_34 305 105 15 15 160 731
door_6_33 306 104 15 15 261 591
door_6_36 302 106 15 15 276 591
door_4_16 307 98 16 14 175 729
door_5_36 301 106 16 14 244 723
door_6_32 308 104 14 16 260 727
door_6_43 290 109 16 14 274 727
door_6_44 288 110 16 14 221 305
door_2_92 198 121 17 13 221 319
door_5_87 211 120 17 13 191 724
door_3_12 311 95 14 15 208 724
door_3_13 310 96 14 15 222 724
door_3_37 302 106 15 14 60 724
door_4_13 310 96 14 15 75 724
door_4_12 311 95 14 15 313 704
door_4_37 302 106 15 14 313 719
door_4_35 304 106 14 15 313 733
door_4_86 216 120 15 14 327 733
door_5_13 310 96 14 15 319 662
door_5_12 311 95 14 15 319 677
door_5_35 303 106 15 14 327 692
door_5_41 295 108 15 14 328 706
door_5_38 300 107 15 14 342 720
door_5_44 289 110 15 14 342 734
door_5_43 291 109 15 14 333 662
door_5_79 231 119 15 14 341 648
door_5_99 175 121 15 14 333 676
door_6_12 311 95 14 15 342 690
door_6_13 310 96 14 15 343 705
door_6_42 293 109 15 14 348 662
door_6_39 296 108 15 14 356 648
door_6_35 303 106 15 14 348 676
door_6_61 264 115 14 15 356 690
door_2_88 209 120 16 13 363 662
door_2_86 214 120 16 13 371 648
door_3_85 216 120 16 13 363 675
door_3_87 212 120 16 13 359 613
door_5_86 214 120 16 13 359 626
door_5_104 161 121 16 13 375 613
door_2_111 175 110 5 40 357 705
door_3_64 259 115 18 11 236 737
door_2_11 312 95 14 14 375 626
door_3_11 312 95 14 14 381 589
door_3_34 308 104 14 14 389 575
door_3_81 227 119 14 14 362 705
door_3_83 223 120 14 14 370 688
door_3_88 211 120 14 14 379 661
door_4_11 312 95 14 14 387 646
door_4_32 309 104 14 14 389 626
door_4_77 236 118 14 14 391 610
door_5_11 312 95 14 14 395 589
door_5_83 223 120 14 14 403 575
door_5_77 236 118 14 14 407 552
door_5_80 229 119 14 14 407 538
door_5_89 209 120 14 14 362 719
door_6_11 312 95 14 14 362 733
door_6_54 279 112 14 14 417 501
door_6_58 269 114 14 14 417 515
door_6_77 236 118 14 14 431 499
door_6_72 247 117 14 14 445 499
door_6_82 225 119 14 14 376 702
door_6_83 223 120 14 14 384 675
door_1_98 205 110 5 39 459 499
door_1_100 201 110 5 39 464 499
door_1_110 177 110 5 39 390 689
door_1_252 120 49 5 39 395 689
door_2_79 231 119 15 13 393 660
door_2_81 227 119 15 13 401 646
door_2_100 201 110 5 39 405 603
door_2_98 205 110 5 39 410 589
door_2_110 177 110 5 39 415 589
door_2_252 120 49 5 39 431 513
door_2_254 124 48 5 39 421 529
door_3_78 233 119 15 13 417 575
door_3_86 215 120 15 13 398 673
door_3_80 229 119 15 13 408 659
door_3_98 205 110 5 39 426 529
door_3_100 201 110 5 39 420 610
door_3_110 177 110 5 39 436 513
door_3_252 120 49 5 39 441 513
door_3_254 124 48 5 39 446 513
door_4_31 310 104 13 15 376 716
door_4_33 308 104 13 15 376 731
door_4_34 307 105 13 15 389 728
door_4_98 205 110 5 39 451 513
door_4_100 201 110 5 39 400 686
door_4_110 177 110 5 39 405 686
door_4_252 120 49 5 39 410 686
door_4_256 127 48 5 39 415 672
door_5_17 306 98 13 15 420 588
door_5_31 310 104 13 15 431 552
door_5_39 298 108 15 13 432 575
door_5_78 233 119 15 13 444 552
door_5_98 205 110 5 39 420 672
door_5_100 178 121 15 13 456 539
door_5_103 164 121 15 13 423 649
door_5_252 120 49 5 39 469 500
door_5_256 127 48 5 39 425 610
door_5_255 125 48 5 39 430 610
door_6_17 306 98 13 15 433 588
door_6_20 302 100 13 15 402 725
door_6_31 310 104 13 15 415 711
door_6_40 296 108 13 15 415 726
door_6_62 262 115 13 15 435 610
door_6_80 228 119 15 13 446 588
door_6_78 233 119 15 13 447 575
door_6_252 120 49 5 39 425 662
door_6_256 127 48 5 39 428 701
door_5_55 279 112 12 16 156 194
door_6_55 279 112 12 16 156 210
door_6_98 178 121 16 12 236 540
door_1_244 105 52 5 38 430 662
door_1_242 102 53 5 38 433 700
door_1_245 107 52 5 38 435 662
door_1_248 112 51 5 38 438 700
door_2_242 102 53 5 38 440 648
door_2_245 107 52 5 38 443 686
door_2_248 112 51 5 38 445 648
door_3_242 102 53 5 38 448 610
door_3_248 112 51 5 38 448 686
door_4_248 112 51 5 38 450 648
door_5_242 102 53 5 38 453 610
door_6_247 111 51 5 38 453 686
door_2_80 229 119 14 13 328 720
door_2_83 223 120 13 14 435 625
door_2_82 225 119 14 13 459 552
door_2_89 210 120 13 14 443 724
door_2_95 193 121 14 13 471 539
door_3_32 309 104 13 14 456 724
door_3_54 279 112 14 13 474 501
door_3_79 232 119 14 13 474 514
door_3_82 225 119 14 13 455 648
door_3_84 221 120 14 13 455 661
door_3_92 201 121 14 13 458 610
door_3_89 210 120 13 14 461 588
door_3_91 204 121 14 13 462 575
door_3_94 196 121 14 13 473 552
door_4_38 301 107 14 13 485 539
door_4_57 274 113 13 14 458 623
door_4_75 241 118 14 13 499 500
door_4_78 234 119 14 13 513 500
door_4_89 210 120 13 14 488 513
door_5_16 307 98 13 14 527 501
door_5_18 305 99 13 14 540 501
door_5_54 279 112 14 13 501 513
door_5_60 267 114 13 14 515 515
door_5_57 274 113 13 14 501 526
door_5_61 265 115 13 14 528 515
door_5_59 269 114 13 14 541 515
door_5_70 252 117 13 14 514 529
door_5_81 227 119 14 13 499 540
door_5_82 225 119 14 13 527 529
door_5_75 241 118 14 13 541 529
door_5_84 221 120 14 13 555 537
door_5_85 218 120 14 13 569 537
door_5_93 177 121 13 14 527 542
door_6_16 307 98 13 14 513 543
door_6_18 305 99 13 14 540 542
door_6_57 274 113 13 14 487 553
door_6_70 252 117 13 14 500 553
door_6_79 232 119 14 13 583 539
door_6_75 241 118 14 13 597 539
door_6_86 216 120 14 13 553 550
door_6_84 220 120 14 13 567 550
door_2_94 195 121 15 12 474 527
door_3_10 313 94 12 15 602 233
door_4_10 313 94 12 15 602 248
door_4_30 312 103 12 15 110 548
door_4_66 262 115 12 15 526 556
door_5_30 312 103 12 15 513 557
door_5_62 263 115 12 15 538 556
door_5_69 255 116 12 15 476 567
door_6_30 312 103 12 15 488 567
door_6_29 313 103 12 15 500 567
door_6_68 257 116 12 15 458 674
door_5_28 315 102 11 16 687 459
door_6_28 315 102 11 16 687 475
door_5_263 142 49 5 35 247 229
door_6_263 142 49 5 35 150 307
door_2_76 239 118 13 13 469 648
door_2_84 221 120 13 13 469 661
door_2_93 199 121 13 13 471 623
door_3_50 288 111 13 13 472 610
door_3_57 274 113 13 13 474 588
door_3_93 199 121 13 13 458 689
door_4_41 297 108 13 13 470 674
door_4_76 239 118 13 13 458 702
door_4_79 233 119 13 13 482 648
door_4_74 244 118 13 13 482 661
door_4_85 219 120 13 13 484 623
door_5_76 239 118 13 13 485 610
door_5_74 244 118 13 13 487 582
door_6_74 244 118 13 13 487 595
door_6_76 239 118 13 13 469 715
door_3_56 277 113 12 14 469 728
door_3_77 236 118 14 12 252 540
door_4_18 306 99 12 14 481 728
door_4_17 307 98 12 14 471 687
door_4_29 313 103 12 14 471 701
door_4_56 277 113 12 14 483 674
door_4_55 279 112 12 14 483 688
door_4_59 270 114 12 14 483 702
door_4_60 268 114 12 14 493 716
door_4_69 255 116 12 14 493 730
door_4_73 247 117 12 14 495 648
door_4_80 231 119 12 14 497 623
door_4_81 229 119 12 14 498 608
door_4_83 225 120 12 14 500 582
door_4_87 216 120 12 14 495 662
door_5_29 313 103 12 14 495 676
door_5_51 286 111 12 14 495 690
door_5_56 277 113 12 14 505 704
door_5_68 257 116 12 14 505 718
door_5_73 247 117 12 14 505 732
door_5_102 167 121 12 14 507 648
door_6_51 286 111 12 14 509 622
door_6_56 277 113 12 14 510 596
door_6_59 270 114 12 14 512 575
door_6_60 268 114 12 14 507 662
door_6_73 247 117 12 14 507 676
door_4_36 306 106 11 15 611 539
door_4_49 290 110 11 15 55 611
door_4_61 267 115 11 15 737 499
door_5_10 313 94 11 15 737 514
door_6_10 313 94 11 15 581 552
door_6_24 306 102 11 15 592 552
door_1_250 117 50 4 39 744 192
door_1_255 126 48 4 39 603 552
door_1_254 124 48 4 39 607 552
door_1_256 128 48 4 39 517 690
door_2_91 206 121 12 13 517 729
door_2_90 208 121 12 13 550 563
door_2_250 117 50 4 39 519 648
door_2_256 128 48 4 39 521 687
door_2_255 126 48 4 39 523 648
door_3_33 308 104 13 12 266 540
door_3_38 302 107 13 12 279 540
door_3_51 286 111 12 13 562 563
door_3_55 279 112 12 13 529 571
door_3_59 270 114 12 13 574 567
door_3_72 249 117 12 13 586 567
door_3_74 244 118 13 12 109 563
door_3_90 208 121 12 13 541 576
door_3_95 195 121 12 13 529 584
door_3_97 189 121 12 13 553 576
door_3_250 117 50 4 39 525 571
door_3_255 126 48 4 39 598 567
door_3_256 128 48 4 39 525 687
door_4_54 281 112 12 13 565 580
door_4_72 249 117 12 13 577 580
door_4_84 223 120 12 13 541 589
door_4_82 227 119 12 13 553 589
door_4_94 198 121 12 13 529 597
door_4_90 208 121 12 13 565 593
door_4_250 117 50 4 39 527 648
door_4_255 126 48 4 39 589 580
door_4_254 124 48 4 39 593 580
door_5_42 293 109 12 13 577 593
door_5_40 297 108 12 13 541 602
door_5_50 288 111 12 13 553 602
door_5_90 186 121 12 13 521 610
door_5_250 117 50 4 39 533 610
door_5_254 124 48 4 39 537 610
door_6_50 288 111 12 13 521 623
door_6_69 244 118 12 13 565 606
door_6_81 229 119 12 13 577 606
door_6_94 175 121 12 13 541 615
door_6_255 126 48 4 39 553 615
door_6_250 117 50 4 39 557 615
door_6_254 124 48 4 39 561 615
door_2_77 236 118 14 11 458 637
door_3_9 314 94 11 14 541 628
door_3_66 262 115 11 14 541 642
door_3_75 241 118 14 11 472 637
door_4_9 314 94 11 14 622 552
door_4_14 309 97 11 14 611 554
door_4_15 308 97 11 14 633 552
door_4_22 309 101 11 14 644 552
door_4_28 315 102 11 14 622 566
door_4_65 265 115 11 14 611 568
door_4_71 252 117 11 14 633 566
door_4_88 214 120 11 14 644 566
door_5_9 314 94 11 14 655 575
door_5_14 309 97 11 14 622 580
door_5_15 308 97 11 14 611 582
door_5_22 309 101 11 14 633 580
door_5_58 272 114 11 14 644 580
door_5_67 260 116 11 14 655 589
door_5_71 252 117 11 14 622 594
door_5_72 250 117 11 14 602 596
door_6_9 314 94 11 14 633 594
door_6_15 308 97 11 14 644 594
door_6_14 309 97 11 14 655 603
door_6_22 309 101 11 14 666 610
door_6_64 259 116 11 14 677 610
door_6_71 252 117 11 14 688 610
door_1_247 111 51 4 38 597 606
door_1_251 118 49 4 38 613 596
door_2_247 111 51 4 38 617 596
door_2_251 118 49 4 38 531 649
door_3_247 111 51 4 38 535 649
door_3_251 118 49 4 38 601 610
door_4_247 111 51 4 38 605 610
door_4_251 118 49 4 38 609 610
door_5_251 118 49 4 38 529 687
door_5_247 111 51 4 38 533 687
door_6_251 118 49 4 38 537 687
door_2_78 233 119 15 10 176 542
door_4_62 265 115 10 15 252 191
door_5_19 304 99 10 15 252 206
door_6_19 304 99 10 15 585 309
door_2_74 244 118 12 12 489 527
door_3_39 299 108 12 12 509 636
door_3_73 247 117 12 12 521 636
door_4_39 299 108 12 12 529 725
door_5_95 172 121 12 12 539 656
door_6_63 261 116 12 12 539 668
door_1_82 225 119 13 11 486 637
door_3_35 307 106 11 13 210 342
door_3_62 262 115 13 11 529 737
door_3_67 260 116 11 13 639 423
door_3_76 239 118 13 11 191 737
door_4_43 295 109 11 13 488 500
door_4_67 260 116 11 13 565 619
door_4_70 254 117 11 13 576 619
door_4_92 204 121 11 13 565 632
door_5_64 259 116 11 13 576 632
door_5_63 262 116 11 13 587 644
door_5_88 192 121 11 13 565 645
door_5_91 184 121 11 13 576 645
door_5_94 176 121 11 13 552 654
door_6_67 260 116 11 13 621 608
door_1_78 233 119 14 10 444 565
door_1_80 229 119 14 10 458 565
door_2_12 311 95 10 14 237 305
door_2_54 279 112 14 10 389 565
door_3_15 309 97 10 14 585 324
door_3_16 310 98 10 14 650 347
door_3_20 312 100 10 14 650 361
door_3_21 311 101 10 14 702 384
door_3_30 314 103 10 14 702 398
door_4_7 316 93 10 14 715 420
door_4_20 312 100 10 14 715 434
door_4_24 307 102 10 14 182 455
door_4_48 295 110 10 14 182 469
door_4_51 288 111 10 14 675 436
door_4_64 267 115 10 14 587 619
door_5_7 316 93 10 14 410 628
door_5_20 312 100 10 14 507 690
door_5_21 311 101 10 14 632 608
door_5_23 308 102 10 14 621 621
door_5_25 305 103 10 14 642 608
door_5_24 307 102 10 14 652 617
door_5_27 302 104 10 14 631 622
door_5_48 295 110 10 14 641 622
door_5_66 262 116 10 14 613 635
door_6_7 316 93 10 14 598 648
door_6_21 311 101 10 14 587 657
door_6_23 308 102 10 14 563 658
door_6_25 305 103 10 14 551 667
door_6_27 302 104 10 14 541 680
door_6_48 295 110 10 14 573 658
door_6_66 262 116 10 14 541 694
door_6_258 131 52 4 34 168 156
door_4_68 260 116 9 15 270 117
door_5_65 265 115 9 15 270 132
door_6_52 286 112 9 15 299 266
door_1_81 229 119 12 11 541 708
door_2_10 313 94 12 11 541 719
door_2_55 279 112 12 11 542 730
door_2_51 286 111 11 12 510 610
door_2_59 270 114 12 11 551 681
door_3_31 311 104 12 11 551 692
door_3_70 254 117 11 12 482 716
door_4_42 297 109 11 12 553 703
door_4_44 293 110 11 12 553 715
door_5_97 167 121 11 12 554 727
door_5_96 170 121 11 12 563 672
door_1_76 239 118 13 10 191 542
door_1_89 210 120 13 10 433 738
door_1_83 223 120 13 10 446 738
door_1_87 214 120 13 10 60 738
door_1_88 212 120 13 10 563 684
door_1_86 216 120 13 10 574 672
door_2_75 241 118 13 10 564 694
door_3_14 310 97 10 13 564 704
door_3_24 322 100 10 13 565 717
door_3_69 257 116 10 13 574 704
door_4_21 311 101 10 13 565 730
door_4_23 308 102 10 13 577 682
door_4_27 302 104 10 13 575 717
door_4_40 299 108 10 13 575 730
door_4_58 272 114 10 13 584 695
door_4_50 290 111 10 13 587 671
door_4_91 208 121 10 13 585 708
door_4_93 202 121 10 13 594 684
door_4_96 194 121 10 13 597 662
door_1_79 231 119 14 9 221 332
door_2_8 315 93 9 14 299 281
door_3_7 316 93 9 14 238 319
door_3_8 315 93 9 14 246 355
door_3_17 316 98 9 14 282 381
door_3_18 315 99 9 14 282 395
door_3_68 260 116 9 14 570 424
door_4_8 315 93 9 14 570 438
door_5_8 315 93 9 14 553 501
door_5_26 305 103 9 14 585 721
door_6_8 315 93 9 14 594 721
door_6_26 305 103 9 14 595 697
door_2_71 252 117 11 11 585 735
door_3_36 306 106 11 11 596 735
door_3_63 260 116 11 11 603 711
door_3_71 252 117 11 11 603 722
door_1_59 270 114 12 10 607 733
door_1_62 263 115 12 10 604 675
door_1_93 200 121 12 10 607 662
door_1_94 198 121 12 10 608 649
door_2_62 263 115 12 10 604 685
door_2_58 272 114 10 12 500 596
door_3_23 308 102 10 12 495 704
door_3_26 318 101 10 12 604 695
door_3_29 314 103 12 10 662 624
door_3_48 295 110 10 12 651 631
door_3_58 272 114 10 12 674 624
door_4_25 305 103 10 12 661 634
door_4_63 263 116 10 12 684 624
door_5_45 289 111 10 12 623 636
door_5_46 287 111 10 12 633 636
door_6_45 289 111 10 12 643 643
door_1_77 237 119 13 9 403 566
door_1_85 219 120 13 9 474 601
door_1_84 221 120 13 9 446 601
door_1_102 196 111 3 39 699 610
door_1_253 123 49 3 39 671 634
door_2_64 257 117 13 9 435 639
door_2_99 183 121 13 9 359 639
door_2_97 192 121 9 13 630 462
door_2_253 123 49 3 39 694 624
door_3_49 293 110 9 13 653 646
door_3_96 195 121 9 13 662 646
door_3_102 196 111 3 39 674 636
door_3_253 123 49 3 39 677 636
door_4_26 305 104 9 13 680 636
door_4_52 286 112 9 13 680 649
door_4_53 284 112 9 13 680 662
door_4_102 196 111 3 39 689 636
door_4_253 123 49 3 39 623 648
door_5_53 284 112 9 13 626 648
door_5_52 286 112 9 13 635 655
door_5_253 123 49 3 39 620 649
door_6_46 288 111 9 13 644 655
door_6_53 284 112 9 13 626 661
door_6_253 123 49 3 39 616 672
door_1_101 198 111 3 38 622 155
door_2_101 198 111 3 38 314 628
door_3_101 198 111 3 38 653 659
door_4_101 198 111 3 38 656 659
door_5_101 198 111 3 38 659 659
door_2_32 308 104 14 8 204 544
door_3_22 312 101 8 14 262 154
door_4_4 318 91 8 14 262 168
door_4_47 297 109 8 14 614 195
door_5_4 318 91 8 14 614 209
door_5_49 293 110 8 14 291 342
door_6_4 318 91 8 14 291 356
door_6_6 317 92 8 14 412 434
door_6_49 293 110 8 14 130 472
door_1_264 146 46 3 37 289 40
door_2_264 146 46 3 37 279 79
door_3_264 146 46 3 37 647 116
door_4_264 146 46 3 37 444 119
door_5_264 146 46 3 37 447 119
door_6_264 146 46 3 37 744 231
door_1_74 244 118 11 10 292 540
door_1_92 204 121 11 10 662 673
door_2_9 314 94 10 11 587 633
door_2_60 267 115 11 10 635 668
door_2_61 264 116 11 10 614 711
door_2_57 274 114 11 10 614 721
door_2_66 262 115 11 10 619 697
door_2_73 247 117 11 10 623 687
door_3_27 317 102 10 11 499 637
door_3_60 267 115 11 10 619 731
door_3_61 264 116 11 10 634 678
door_6_65 256 117 10 11 634 688
door_1_37 305 106 12 9 204 739
door_1_50 288 111 12 9 216 739
door_1_75 241 118 12 9 73 739
door_1_90 208 121 12 9 625 707
door_1_91 206 121 12 9 625 716
door_2_33 309 104 12 9 630 725
door_2_38 303 107 12 9 630 734
door_2_50 288 111 12 9 637 699
door_2_72 249 117 12 9 637 708
door_3_53 284 112 9 12 662 659
door_3_52 286 112 9 12 642 717
door_3_65 267 115 9 12 642 729
door_5_47 286 112 9 12 649 697
door_6_47 286 112 9 12 651 709
door_1_263 144 49 3 35 729 156
door_2_263 144 49 3 35 144 345
door_3_263 144 49 3 35 147 345
door_4_5 317 91 7 15 595 270
door_4_263 144 49 3 35 738 419
door_5_5 317 91 7 15 595 285
door_6_5 317 91 7 15 680 498
door_4_95 199 121 8 13 111 486
door_1_261 140 51 3 34 742 308
door_2_261 140 51 3 34 745 308
door_3_261 140 51 3 34 296 591
door_4_261 140 51 3 34 140 420
door_5_261 140 51 3 34 698 422
door_6_261 140 51 3 34 711 458
door_1_57 274 114 10 10 381 603
door_1_72 249 117 10 10 459 738
door_2_56 277 114 10 10 658 697
door_2_70 254 117 10 10 662 683
door_2_69 257 116 10 10 651 721
door_1_13 313 96 9 11 246 369
door_1_51 286 111 11 9 554 739
door_1_73 247 118 11 9 458 715
door_1_96 193 121 11 9 660 707
door_1_262 142 51 3 33 317 550
door_2_21 311 101 9 11 668 693
door_2_40 298 108 11 9 672 683
door_2_67 262 116 9 11 651 731
door_2_262 142 51 3 33 672 537
door_3_25 320 102 9 11 660 731
door_3_28 317 102 9 11 661 716
door_3_43 295 109 11 9 669 727
door_3_41 297 109 11 9 670 716
door_3_262 142 51 3 33 675 537
door_4_262 142 51 3 33 666 575
door_5_262 142 51 3 33 669 575
door_6_262 142 51 3 33 261 649
door_3_2 319 90 7 14 680 513
door_3_4 318 91 7 14 555 515
door_3_6 317 92 7 14 655 552
door_4_2 319 90 7 14 646 668
door_4_6 317 92 7 14 562 463
door_4_19 316 100 7 14 562 477
door_5_2 319 90 7 14 662 514
door_5_6 317 92 7 14 122 510
door_6_2 319 90 7 14 702 572
door_1_56 277 114 12 8 235 333
door_1_55 279 113 12 8 218 544
door_2_17 316 98 8 12 412 448
door_1_41 297 109 10 9 650 375
door_1_54 281 113 10 9 675 450
door_1_58 272 114 10 9 671 704
door_1_64 260 117 10 9 677 692
door_1_70 254 117 10 9 669 736
door_1_71 252 117 9 10 679 736
door_2_37 302 107 10 9 680 725
door_2_39 301 108 9 10 688 734
door_2_53 284 112 9 10 683 675
door_2_63 260 116 10 9 681 701
door_2_96 195 121 9 10 681 710
door_3_5 317 91 6 15 60 321
door_3_44 294 110 10 9 687 685
door_3_47 297 110 8 11 111 499
door_3_99 185 121 11 8 431 567
door_3_46 299 109 7 12 94 614
door_4_46 299 109 7 12 319 692
door_1_52 286 112 9 9 644 688
door_1_60 268 115 9 9 692 663
door_2_43 295 110 9 9 692 672
door_2_45 290 111 9 9 697 649
door_2_52 286 112 9 9 690 710
door_1_66 262 116 10 8 702 412
door_1_95 197 121 10 8 715 448
door_2_41 297 109 10 8 182 483
door_2_68 260 116 8 10 622 501
door_4_97 195 121 6 13 204 380
door_1_12 313 95 8 9 662 528
door_1_49 293 110 8 9 702 586
door_1_53 284 112 9 8 282 409
door_1_61 267 116 8 9 702 595
door_1_67 262 116 9 8 570 452
door_1_68 260 116 8 9 626 674
door_1_69 257 117 9 8 236 532
door_1_97 192 121 9 8 459 602
door_2_5 317 91 6 12 240 393
door_2_13 313 96 9 8 372 640
door_2_49 293 110 8 9 595 711
door_4_45 293 111 6 12 240 405
door_1_10 313 94 10 7 585 338
door_1_42 295 109 10 7 416 568
door_4_3 319 90 5 14 67 457
door_5_3 319 90 5 14 670 475
door_6_3 319 90 5 14 291 591
door_1_38 303 108 8 8 262 182
door_1_39 302 108 8 8 614 223
door_1_63 262 116 8 8 291 370
door_2_25 321 102 8 8 130 486
door_2_26 320 101 8 8 562 491
door_2_46 289 111 8 8 122 524
door_2_47 287 112 8 8 673 675
door_2_65 257 117 8 8 236 724
door_3_40 301 109 8 8 228 739
door_1_14 313 97 7 9 655 566
door_1_33 314 104 7 9 597 675
door_1_44 294 110 7 9 587 684
door_1_43 296 110 7 9 577 695
door_2_6 317 92 7 9 416 649
door_2_31 314 104 9 7 299 295
door_2_34 313 104 9 7 512 589
door_2_42 298 109 7 9 101 653
door_2_44 294 110 7 9 83 666
door_3_42 298 109 7 9 83 675
door_3_19 316 103 6 10 579 385
door_3_45 301 109 6 10 579 395
door_1_24 322 101 8 7 420 603
door_1_32 315 104 8 7 428 603
door_1_36 309 106 8 7 436 603
door_1_47 288 112 7 8 555 529
door_2_7 317 93 7 8 630 699
door_2_15 311 97 8 7 391 603
door_2_29 317 103 8 7 643 636
door_2_30 317 103 7 8 402 740
door_3_3 319 90 4 14 56 434
door_4_1 320 89 4 14 389 511
door_5_1 320 89 4 14 335 585
door_6_1 320 89 4 14 583 658
door_1_11 317 95 6 9 60 336
door_2_14 313 101 6 9 579 405
door_2_23 325 100 6 9 386 458
door_1_31 316 104 7 7 635 648
door_1_46 299 109 7 7 687 694
door_2_24 323 101 7 7 33 722
door_2_27 320 102 7 7 40 722
door_2_28 319 102 7 7 47 722
door_2_35 311 106 7 7 642 741
door_2_36 310 106 7 7 619 741
door_1_48 295 110 8 6 270 147
door_2_48 295 110 8 6 252 221
door_1_8 317 93 6 7 579 414
door_1_30 317 103 7 6 602 263
door_1_9 316 94 7 6 595 300
door_1_15 313 97 6 7 245 493
door_1_29 318 103 7 6 680 527
door_1_35 311 106 7 6 476 582
door_1_45 292 111 7 6 381 640
door_2_1 320 89 3 14 383 496
door_2_2 320 90 3 14 237 467
door_3_1 320 89 3 14 456 513
door_1_4 318 91 5 8 670 489
door_1_28 321 102 5 8 230 544
door_1_23 325 100 5 8 468 602
door_1_65 260 117 5 8 637 717
door_2_3 319 90 4 10 407 526
door_2_4 318 91 5 8 428 740
door_2_16 313 104 5 8 379 675
door_1_6 317 92 6 6 386 467
door_1_5 318 91 5 7 426 568
door_1_40 301 109 5 7 399 603
door_1_259 136 50 1 35 731 78
door_2_259 136 50 1 35 472 79
door_3_259 136 50 1 35 179 117
door_4_259 136 50 1 35 155 307
door_5_259 136 50 1 35 726 306
door_6_259 136 50 1 35 725 344
door_1_258 134 52 1 34 143 420
door_2_258 134 52 1 34 701 422
door_3_258 134 52 1 34 714 458
door_4_258 134 52 1 34 710 533
door_5_258 134 52 1 34 320 550
door_1_260 138 53 1 32 524 572
door_2_260 138 53 1 32 175 575
door_3_260 138 53 1 32 619 659
door_4_260 138 53 1 32 747 529
door_5_260 138 53 1 32 747 78
door_6_260 138 53 1 32 747 110
door_1_17 316 98 5 6 609 263
door_1_21 327 99 5 6 176 591
door_2_20 328 99 5 6 176 597
door_2_22 326 100 5 6 176 603
door_1_22 326 100 5 5 251 496
door_1_25 324 101 5 5 256 496
door_1_27 322 102 5 5 261 496
door_1_26 323 102 5 5 167 532
door_1_34 315 105 5 5 541 571
door_1_7 318 93 4 6 56 448
door_2_18 330 98 4 6 417 529
door_2_19 329 99 4 6 472 565
door_1_2 320 92 3 7 237 481
door_1_18 330 98 4 5 737 494
door_1_20 328 99 5 4 282 455
door_3_0 321 92 2 10 585 117
door_4_0 321 92 2 10 585 127
door_5_0 321 92 2 10 585 137
door_6_0 321 92 2 10 697 195
door_1_1 320 89 2 9 697 205
door_1_3 319 90 3 6 456 527
door_1_265 148 65 3 6 456 533
door_2_265 148 65 3 6 550 556
door_3_265 148 65 3 6 522 604
door_4_265 148 65 3 6 652 608
door_5_265 148 65 3 6 521 589
door_6_265 148 65 3 6 483 582
door_1_19 329 99 4 4 687 491
door_4_345 325 90 4 4 691 491
door_6_345 325 90 4 4 288 497
door_4_359 321 95 2 5 585 147
door_5_359 321 95 2 5 260 221
door_6_359 321 95 2 5 697 214
door_5_311 311 58 3 3 399 116
door_5_345 325 91 3 3 402 116
door_6_311 311 58 3 3 405 116
door_6_354 332 96 3 3 408 116
door_1_16 333 98 2 4 697 219
door_1_0 133 68 3 2 429 38
door_2_0 321 89 1 6 278 147
door_3_311 311 59 3 2 432 38
door_3_307 303 58 2 3 585 152
door_4_311 311 58 2 3 390 153
door_6_341 324 89 2 3 392 153
door_3_359 321 95 1 5 731 113
door_5_341 324 89 2 2 234 77
door_4_312 314 59 1 3 691 115
door_4_354 332 96 1 3 472 114
door_5_354 332 96 1 3 411 116
