coupler_off_8 333 137 30 27 0 0
coupler_off_114 354 107 16 26 0 28
coupler_off_116 358 111 14 26 0 55
coupler_off_41 82 157 39 25 0 82
coupler_off_46 51 151 33 25 0 108
coupler_off_6 341 135 28 25 0 134
coupler_off_7 340 137 27 25 0 160
coupler_off_4 349 130 24 25 15 55
coupler_off_2 352 125 21 25 17 28
coupler_off_1 354 123 18 25 28 160
coupler_off_119 356 119 16 25 29 134
coupler_off_0 357 121 15 25 31 0
coupler_off_117 357 114 15 25 34 108
coupler_off_115 356 109 14 25 39 26
coupler_off_118 359 117 14 25 40 52
coupler_off_35 129 164 38 24 40 78
coupler_off_10 325 144 32 24 46 134
coupler_off_45 57 152 32 24 47 0
coupler_off_9 331 142 30 24 47 159
coupler_off_5 344 133 26 24 50 103
coupler_off_3 350 129 22 24 54 25
coupler_off_34 137 166 39 23 55 50
coupler_off_33 146 166 39 23 77 25
coupler_off_15 295 154 37 23 77 103
coupler_off_14 301 152 37 23 78 159
coupler_off_13 308 151 35 23 79 74
coupler_off_44 63 155 35 23 79 127
coupler_off_12 314 149 34 23 80 0
coupler_off_43 69 156 34 23 95 49
coupler_off_11 320 147 33 23 115 0
coupler_off_48 37 148 33 23 115 73
coupler_off_54 16 136 27 23 115 97
coupler_off_61 11 121 17 23 115 121
coupler_off_60 12 123 16 23 116 145
coupler_off_38 104 163 38 22 117 24
coupler_off_36 121 165 38 22 130 47
coupler_off_16 289 157 37 22 133 121
coupler_off_29 179 167 37 22 133 144
coupler_off_40 89 161 37 22 133 167
coupler_off_42 76 159 34 22 143 97
coupler_off_47 45 151 31 22 149 0
coupler_off_56 16 133 21 22 149 70
coupler_off_59 13 126 16 22 156 23
coupler_off_39 96 163 39 21 169 46
coupler_off_21 250 163 38 21 171 68
coupler_off_19 266 162 38 21 171 120
coupler_off_18 274 161 37 21 171 142
coupler_off_28 189 168 36 21 171 164
coupler_off_30 171 168 36 21 173 23
coupler_off_17 281 160 35 21 178 90
coupler_off_31 164 168 34 21 181 0
coupler_off_49 33 148 32 21 208 164
coupler_off_51 25 144 29 21 209 45
coupler_off_52 22 142 28 21 209 142
coupler_off_53 19 140 27 21 210 22
coupler_off_55 14 136 25 21 210 67
coupler_off_57 14 131 20 21 210 112
coupler_off_58 15 129 17 21 214 89
coupler_off_25 214 168 41 20 216 0
coupler_off_20 256 164 40 20 231 111
coupler_off_32 154 169 40 20 232 89
coupler_off_22 242 166 38 20 236 67
coupler_off_27 199 169 37 20 238 21
coupler_off_50 29 147 30 20 238 132
coupler_off_26 206 169 39 19 239 42
coupler_off_23 233 167 39 19 241 153
coupler_off_24 224 168 39 19 258 0
coupler_off_37 112 166 38 19 269 132
coupler_off_63 8 121 18 18 272 110
coupler_off_64 9 119 18 18 273 88
coupler_off_62 11 124 17 18 275 62
coupler_off_113 355 113 14 18 116 169
coupler_off_66 14 116 16 17 276 20
coupler_off_67 15 113 16 17 279 38
coupler_off_65 13 118 12 16 241 173
coupler_off_108 338 104 10 16 254 173
coupler_off_109 342 106 10 16 265 173
coupler_off_110 346 108 10 16 276 173
coupler_off_112 351 112 13 15 281 152
coupler_off_68 19 113 12 14 287 168
coupler_off_111 351 110 10 14 291 107
coupler_off_69 19 110 13 13 292 81
coupler_off_72 33 103 8 9 291 122
coupler_off_70 25 108 7 8 292 95
coupler_off_71 29 106 5 4 40 103
coupler_off_74 43 101 5 3 0 186
coupler_off_73 38 103 5 3 6 186
coupler_off_77 61 95 4 3 12 186
coupler_off_76 55 97 3 3 17 186
coupler_off_75 49 99 4 2 21 186
